feed,title,long_url,short_url
Medium:ML,Heart Disease Prediction Using Machine Learning,https://medium.com/p/a106dd953c51,
