feed,title,long_url,short_url
SA:Breakfast,Wall Street Breakfast: Prime Time,https://seekingalpha.com/article/4422350,
