feed,title,long_url,short_url
GN:T:SP,Louth firms to see solar energy payback 'two years ahead of schedule' - Louth Live,https://news.google.com/rss/articles/CBMieWh0dHBzOi8vd3d3LmR1bmRhbGtkZW1vY3JhdC5pZS9uZXdzL2hvbWUvMTI1OTczOS9sb3V0aC1maXJtcy10by1zZWUtc29sYXItZW5lcmd5LXBheWJhY2stdHdvLXllYXJzLWFoZWFkLW9mLXNjaGVkdWxlLmh0bWzSAQA?oc=5,https://da.gd/nvUr1j
