feed,title,long_url,short_url
Prefect:Blog,How to use Kubernetes with Prefect: Part 2,https://medium.com/p/2e98cdb91c7e,
