feed,title,long_url,short_url
GN:T:RE,Survey Shows Where Candidates for Governor Stand on Renewable Energy and Factory Farms - Josh Kurtz,https://www.marylandmatters.org/2022/06/01/survey-shows-where-candidates-for-governor-stand-on-renewable-energy-and-factory-farms/,
GN:T:RE,Report: COVID-19 Slows Progress Towards Universal Energy Access - World Health Organization,https://www.who.int/news/item/01-06-2022-report--covid-19-slows-progress-towards-universal-energy-access,
