feed,title,long_url,short_url
r/science:15+,[Cancer] Mitochondria engage the integrated stress response to promote tumor growth,https://redd.it/11lzibr,
