feed,title,long_url,short_url
GN:T:ML,Machine learning keeps solar one step ahead of soiling - pv magazine International,https://news.google.com/rss/articles/CBMiXmh0dHBzOi8vd3d3LnB2LW1hZ2F6aW5lLmNvbS8yMDIzLzA3LzE5L21hY2hpbmUtbGVhcm5pbmcta2VlcHMtc29sYXItb25lLXN0ZXAtYWhlYWQtb2Ytc29pbGluZy_SAQA?oc=5,https://da.gd/POqhLp
GN:T:ML,Yellow Images Unveils Revolutionary Lumenor AI: Advanced AI-Powered Image Generation for Digital Art Creation - Yahoo Finance,https://news.google.com/rss/articles/CBMiWWh0dHBzOi8vZmluYW5jZS55YWhvby5jb20vbmV3cy95ZWxsb3ctaW1hZ2VzLXVudmVpbHMtcmV2b2x1dGlvbmFyeS1sdW1lbm9yLTAzMzAwMDEzNS5odG1s0gFhaHR0cHM6Ly9maW5hbmNlLnlhaG9vLmNvbS9hbXBodG1sL25ld3MveWVsbG93LWltYWdlcy11bnZlaWxzLXJldm9sdXRpb25hcnktbHVtZW5vci0wMzMwMDAxMzUuaHRtbA?oc=5,https://da.gd/oJjso
GN:T:ML,Machine-learning tools reveal impact of supervisor-student relationship on student creativity - EurekAlert,https://news.google.com/rss/articles/CBMiL2h0dHBzOi8vd3d3LmV1cmVrYWxlcnQub3JnL25ld3MtcmVsZWFzZXMvOTk1ODg00gEA?oc=5,https://da.gd/cp5Oz9
GN:T:ML,ML and Data Engineering Applications in Agriculture - Analytics Insight,https://news.google.com/rss/articles/CBMiVWh0dHBzOi8vd3d3LmFuYWx5dGljc2luc2lnaHQubmV0L21sLWFuZC1kYXRhLWVuZ2luZWVyaW5nLWFwcGxpY2F0aW9ucy1pbi1hZ3JpY3VsdHVyZS_SAQA?oc=5,https://da.gd/fStuxg
