feed,title,long_url,short_url
BioRxiv,Generative AI Guided Design of High-Affinity T cell Receptors,https://www.biorxiv.org/content/10.64898/2026.02.12.705547v1?rss=1,
