feed,title,long_url,short_url
YT:TwiML&AI,Managing ML Experiments with Weights & Biases,https://youtu.be/GMuc-bYAJPE,
YT:TwiML&AI,Experimentation and Optimization with SigOpt,https://youtu.be/gjT-aLwEsbI,
YT:TwiML&AI,GPU Virtualization and Capacity Management on Kubernetes with Run.ai,https://youtu.be/evMIoKRP_DE,
YT:TwiML&AI,Scalable Data Science Workflows with Pachyderm,https://youtu.be/Mwx25-rBO1k,
YT:TwiML&AI,End-to-End ML with Dataiku DSS,https://youtu.be/hEJERMjHPTo,
YT:TwiML&AI,From Zero to Hero in Two Lines of Code with ClearML,https://youtu.be/cbdFyWDRN2U,
YT:TwiML&AI,Maintaining Model Lineage with Weights & Biases Model Registry with Weights & Biases,https://youtu.be/kwYwJdbH4GI,
