feed,title,long_url,short_url
GN:T:AI,Ai in Finance: Is Security a Concern? | EC-Council - EC-Council Blog,https://blog.eccouncil.org/ai-in-finance-is-security-a-concern/,https://j.mp/39ULB2T
