feed,title,long_url,short_url
news:MX,New research shows primary care training improves dementia detection,https://medicalxpress.com/news/2026-05-primary-dementia.html,
