feed,title,long_url,short_url
Medium,Data Analysis with Python Programming,https://medium.com/p/00972145442e,
Medium,How to use Pandas from zero to hero,https://medium.com/p/25823613d362,
Medium,20 Pandas Codes To Elevate Your Data Analysis Skills,https://medium.com/p/0efe5bcf09cb,
