feed,title,long_url,short_url
GN:S:C,Alaska is America’s Living Laboratory for Climate Change - Earth Day,https://news.google.com/rss/articles/CBMiiAFBVV95cUxNZnVxNWR2TW12Nm5ITlBRRjQ5U1M4M0RIeEkwYzdYeGZkaHhDc0QyLVdHVVVQNElpS1EyUHZDRTFxNnVNZHJyR3NqM0F1TkVxaDVXM0lJWDg3ZjB5Tk5CdG5uSk8xSlduVmpRcWhoRm1JSE1GcEVBUENSUlRvOUxvMWRUQXdsT1JS?oc=5,
