feed,title,long_url,short_url
GN:S:RL,How Kids With Special Needs Transition to a Productive Life - Chicago Parent,https://www.chicagoparent.com/parenting/special-needs/how-kids-with-special-needs-transition-to-a-productive-life/,https://j.mp/3gc37Ub
