feed,title,long_url,short_url
GitHub:Incident,(minor) [investigating] Incident with Codespaces,https://stspg.io/66zmm0jf490p#x8c39xq3mp07,
