feed,title,long_url,short_url
Medium,Generate Human-Like Text in Python Using GPT-2,https://medium.com/p/c0eefbabc898,
Medium,SAS to Python Conversion Challenges Continued,https://medium.com/p/597f8e0af685,
