feed,title,long_url,short_url
GN:T:DL,Researchers unveil time series deep learning technique for optimal performance in AI models - Tech Xplore,https://news.google.com/rss/articles/CBMiTWh0dHBzOi8vdGVjaHhwbG9yZS5jb20vbmV3cy8yMDI0LTA0LXVudmVpbC1zZXJpZXMtZGVlcC10ZWNobmlxdWUtb3B0aW1hbC5odG1s0gEA?oc=5,https://da.gd/Qj41t
GN:T:DL,Top 5 AI Tools For Data Scientists - Analytics Insight,https://news.google.com/rss/articles/CBMiZmh0dHBzOi8vd3d3LmFuYWx5dGljc2luc2lnaHQubmV0L2FtcHN0b3JpZXMvYXJ0aWZpY2lhbC1pbnRlbGxpZ2VuY2UvdG9wLTUtYWktdG9vbHMtZm9yLWRhdGEtc2NpZW50aXN0c9IBZmh0dHBzOi8vd3d3LmFuYWx5dGljc2luc2lnaHQubmV0L2FtcHN0b3JpZXMvYXJ0aWZpY2lhbC1pbnRlbGxpZ2VuY2UvdG9wLTUtYWktdG9vbHMtZm9yLWRhdGEtc2NpZW50aXN0cw?oc=5,https://da.gd/xNws
