feed,title,long_url,short_url
GN:S:RL,AI can learn like a kid ... - eeNews Europe,https://news.google.com/rss/articles/CBMiZ0FVX3lxTE5ldnNSczlNM0hCbnk2UmRrTFNBY3l1bG1PN2puVXFvaVJHb1J6OWhObmdqZEUwcFhHYnAyZUQzdlFXeGFma0dJX1VRQWdqUDh1TnliMm1aM0E0YVh5MEhvMEJLTjR6dVE?oc=5,https://da.gd/KnCbHB
