feed,title,long_url,short_url
r/AWS:10+,Best Practices from Provectus for Migrating and Optimizing Amazon EMR Workloads,https://redd.it/ye46vq,
