feed,title,long_url,short_url
RS,Effect of copper and cobalt nanoparticles supplementation on methane emission and milk production in Gir cows fed with rice gruel diet,https://www.researchsquare.com/article/rs-3052258/latest,https://da.gd/ntLtx
