feed,title,long_url,short_url
Preprints,Similar Patterns of Dysautonomia in Myalgic Encephalomyelitis/Chronic Fatigue and Post-COVID-19 Syndromes,https://www.preprints.org/manuscript/202311.1228/v1,https://da.gd/IfR1
