feed,title,long_url,short_url
PwC:Latest,/jefferyjiang-yf/ M$^4$oE: A Foundation Model for Medical Multimodal Image Segmentation with Mixture of Experts: https://github.com/jefferyjiang-yf/m4oe,https://paperswithcode.com/paper/m-4-oe-a-foundation-model-for-medical,https://da.gd/2jHgbM
