feed,title,long_url,short_url
j:OUP:NR:AA,Concentrations of Heavy Metals in Processed Baby Foods and Infant Formulas Worldwide: A Scoping Review,https://academic.oup.com/nutritionreviews/advance-article/doi/10.1093/nutrit/nuaf138/8256392?rss=1,
