feed,title,long_url,short_url
SA:Breakfast,What Moved Markets This Week,https://seekingalpha.com/article/4822714,
