feed,title,long_url,short_url
j:MDPI:A,"Alpinumisoflavone Activates Disruption of Calcium Homeostasis, Mitochondria and Autophagosome to Suppress Development of Endometriosis",https://mdpi.com/2076-3921/12/7/1324,
j:MDPI:A,Ozone Environmental Pollution: Relationship between the Intestine and Neurodegenerative Diseases,https://mdpi.com/2076-3921/12/7/1323,
j:MDPI:A,Immune-Related Functions of Heme Oxygenase-1,https://mdpi.com/2076-3921/12/7/1322,
