feed,title,long_url,short_url
ArXiv,Bit-Line Computing for CNN Accelerators Co-Design in Edge AI Inference,https://arxiv.org/abs/2209.06108v1,
