feed,title,long_url,short_url
SSRN,Mothballing the Economy and the Effect on Banks,https://papers.ssrn.com/sol3/papers.cfm?abstract_id=4465986,
