feed,title,long_url,short_url
MedicalXpress,Generative AI uncovers undetected bird flu exposure risks in Maryland emergency departments,https://medicalxpress.com/news/2025-08-generative-ai-uncovers-undetected-bird.html,
