feed,title,long_url,short_url
TechXplore,"Cyber insurance is not fueling the ransomware epidemic, says new analysis",https://techxplore.com/news/2023-08-cyber-fueling-ransomware-epidemic-analysis.html,https://da.gd/NvkhN
