feed,title,long_url,short_url
r/AGI,Is AGI a database?,https://redd.it/hm23wx,
