feed,title,long_url,short_url
PwC:Latest,/zhanghm1995/ D$^2$-World: An Efficient World Model through Decoupled Dynamic Flow: https://github.com/zhanghm1995/d2-world,https://paperswithcode.com/paper/d-2-world-an-efficient-world-model-through,https://da.gd/mxNq1
PwC:Latest,/abdelfattah-lab/ Attamba: Attending To Multi-Token States: https://github.com/abdelfattah-lab/attamba,https://paperswithcode.com/paper/attamba-attending-to-multi-token-states,https://da.gd/ywRN4Q
