feed,title,long_url,short_url
GN:T:ML,Unlocking Creativity with LM Studio's MCP: The Future of AI-Powered Coding! - OpenTools,https://news.google.com/rss/articles/CBMinwFBVV95cUxNX0FqdmlXWmdiNFZJZ05jX0R2eS1JZ29mMEhfSkYyeVY1Wnl0bUVvbmZfWXVBOW5EVDVPYTFzYjNNelgwZXBKVmNRZmJRdWRWd25faGp0YjZrdnI2LVIycWRyejNfZ0VHZTk4SnFmRWVualp2MWphaThTLUkyTHBiRk9nc1lqNjRFRHdRZ0g4MFRjYlhPU0ZYZXZlb0V3UGc?oc=5,
