feed,title,long_url,short_url
KDnuggets,Exploring the Potential of Transfer Learning in Small Data Scenarios,https://www.kdnuggets.com/exploring-the-potential-of-transfer-learning-in-small-data-scenarios?utm_source=rss&utm_medium=rss&utm_campaign=exploring-the-potential-of-transfer-learning-in-small-data-scenarios,https://da.gd/VP6m
KDnuggets,Best Free Resources to Learn Data Analysis and Data Science,https://www.kdnuggets.com/2024/03/365datascience-best-free-resources-learn-data-analysis-data-science?utm_source=rss&utm_medium=rss&utm_campaign=best-free-resources-to-learn-data-analysis-and-data-science,https://da.gd/sgqBC
KDnuggets,5 Free University Courses to Learn Databases and SQL,https://www.kdnuggets.com/5-free-university-courses-to-learn-databases-and-sql?utm_source=rss&utm_medium=rss&utm_campaign=5-free-university-courses-to-learn-databases-and-sql,https://da.gd/JA9z
KDnuggets,"Collection of Free Courses to Learn Data Science, Data Engineering, Machine Learning, MLOps, and LLMOps",https://www.kdnuggets.com/collection-of-free-courses-to-learn-data-science-data-engineering-machine-learning-mlops-and-llmops?utm_source=rss&utm_medium=rss&utm_campaign=collection-of-free-courses-to-learn-data-science-data-engineering-machine-learning-mlops-and-llmops,https://da.gd/whynN
KDnuggets,"Vector Database for LLMs, Generative AI, and Deep Learning",https://www.kdnuggets.com/vector-database-for-llms-generative-ai-and-deep-learning?utm_source=rss&utm_medium=rss&utm_campaign=vector-database-for-llms-generative-ai-and-deep-learning,https://da.gd/XitdrE
KDnuggets,5 Airflow Alternatives for Data Orchestration,https://www.kdnuggets.com/5-airflow-alternatives-for-data-orchestration?utm_source=rss&utm_medium=rss&utm_campaign=5-airflow-alternatives-for-data-orchestration,https://da.gd/oo5Y3
KDnuggets,Python in Finance: Real Time Data Streaming within Jupyter Notebook,https://www.kdnuggets.com/python-in-finance-real-time-data-streaming-within-jupyter-notebook?utm_source=rss&utm_medium=rss&utm_campaign=python-in-finance-real-time-data-streaming-within-jupyter-notebook,https://da.gd/OurGh
KDnuggets,Navigating the Data Revolution: Exploring the Booming Trends in Data Science and Machine Learning,https://www.kdnuggets.com/navigating-the-data-revolution-exploring-the-booming-trends-in-data-science-and-machine-learning?utm_source=rss&utm_medium=rss&utm_campaign=navigating-the-data-revolution-exploring-the-booming-trends-in-data-science-and-machine-learning,https://da.gd/HEZm8v
KDnuggets,A Roadmap For Your Data Career,https://www.kdnuggets.com/a-roadmap-for-your-data-career?utm_source=rss&utm_medium=rss&utm_campaign=a-roadmap-for-your-data-career,https://da.gd/Fhqgc
KDnuggets,7 Steps to Mastering Exploratory Data Analysis,https://www.kdnuggets.com/7-steps-to-mastering-exploratory-data-analysis?utm_source=rss&utm_medium=rss&utm_campaign=7-steps-to-mastering-exploratory-data-analysis,https://da.gd/gTDx8
KDnuggets,Top 5 DataCamp Courses for Mastering Generative AI,https://www.kdnuggets.com/top-5-datacamp-courses-for-mastering-generative-ai?utm_source=rss&utm_medium=rss&utm_campaign=top-5-datacamp-courses-for-mastering-generative-ai,https://da.gd/DUVS
