feed,title,long_url,short_url
Medium,Python 3.11 Released Today,https://medium.com/p/43ee93985907,
