feed,title,long_url,short_url
KDnuggets,Is ChatGPT Study Mode a Hidden Gem or a Gimmick?,https://www.kdnuggets.com/is-chatgpt-study-mode-a-hidden-gem-or-a-gimmick,
