feed,title,long_url,short_url
GN:S:TF,"Google Launches TensorFlow 2.21 And LiteRT: Faster GPU Performance, New NPU Acceleration, And Seamless PyTorch Edge Deployment Upgrades - MarkTechPost",https://news.google.com/rss/articles/CBMigwJBVV95cUxPaDByV3RzS1U5R2JEUi13YXItT25nalpVTi1BU2VIVjRlU3RETFVpTEc5MVhQMFFXOGR2WGxERHRPQ1lOclpBR04yRWV1Qjd4aUIySEpJMXhqSlpOaDF5UFU3X0pMeGc5ZW1hcUJ0TTRsbWU5WnJKVHk0d1dJc0Z6LS1XSkZuRUtsb0Y5MlNqcUdPOEl3OGo2alJxcFlod2prcVVzbFVFSTNuNFBfd1ZBMmdzaWZ2d09nY1ExN3BSQWxSSXA5YVVrQ2NwNHd5Z3YwQVZMbjYxVDNURzRjc19kU0dJYmNYb2h3WU5Sc21SaVp0WEF0SHd0SFB5YmtPVTVMTGVZ0gGDAkFVX3lxTE9oMHJXdHNLVTlHYkRSLXdhci1PbmdqWlVOLUFTZUhWNGVTdERMVWlMRzkxWFAwUVc4ZHZYbEREdE9DWU5yWkFHTjJFZXVCN3hpQjJISkkxeGpKWk5oMXlQVTdfSkx4ZzllbWFxQnRNNGxtZTlackpUeTR3V0lzRnotLVdKRm5FS2xvRjkyU2pxR084SXc4ajZqUnFwWWh3amtxVXNsVUVJM240UF93VkEyZ3NpZnZ3T2djUTE3cFJBbFJJcDlhVWtDY3A0d3lndjBBVkxuNjFUM1RHNGNzX2RTR0liY1hvaHdZTlJzbVJpWnRYQXRId3RIUHlia09VNUxMZVk?oc=5,
