feed,title,long_url,short_url
GN:T:DL,Evolutionary Deep Intelligence is Deep Learning's New Advancement - Analytics Insight,https://www.analyticsinsight.net/evolutionary-deep-intelligence-is-deep-learnings-new-advancement/,https://j.mp/3JDAqMp
