feed,title,long_url,short_url
CMU,Rethinking LLM Memorization,https://blog.ml.cmu.edu/2024/09/13/rethinking-llm-memorization/,https://da.gd/sxh6B
