feed,title,long_url,short_url
BioRxiv,scSniper: Single-cell Deep Neural Network-based Identification of Prominent Biomarkers,https://biorxiv.org/cgi/content/short/2023.11.22.568389v1?rss=1,https://da.gd/m6h3cf
