feed,title,long_url,short_url
GN:T:NF,Medical imaging isotope producer Shine finalizes merger with fusion technology specialist - Health Imaging,https://www.healthimaging.com/topics/molecular/medical-imaging-isotope-shine-merger-phoenix,
