feed,title,long_url,short_url
Medium,Dbt; Matt Turck; Apache Airflow; ThDPTh #40,https://medium.com/p/dd4fd96c1d7f,
