feed,title,long_url,short_url
TDS,One common misconception about Random Forest and overfitting,https://medium.com/p/47cae2e2c23b,
TDS,Creative Collaboration with AI,https://medium.com/p/27350232cdc4,
TDS,3 Key Pieces of Information About Logistic Regression Algorithm,https://medium.com/p/b2fbd9084b3c,
