feed,title,long_url,short_url
GN:T:GP,EVWORLD.COM - The Future in Motion Since 1998 ™ - EV World,https://www.evworld.com/index.php?rssID=26720,https://da.gd/wVBGI
