feed,title,long_url,short_url
BioRxiv,Cross-attention PHV: Prediction of human and virus protein-protein interactions using cross-attention-based neural networks,https://biorxiv.org/cgi/content/short/2022.07.03.498630v1?rss=1,https://bit.ly/3OO3hzM
