feed,title,long_url,short_url
r/ML:50+,[D] Attention Is Off By One,https://redd.it/1594zb4,
