feed,title,long_url,short_url
TDS,Deploy Cloud Functions on GCP with Terraform,https://medium.com/p/111a1c4a9a88,
