feed,title,long_url,short_url
MedRxiv,From theoretical models to practical deployment: A perspective and case study of opportunities and challenges in AI-driven healthcare research for low-income settings,https://medrxiv.org/cgi/content/short/2023.12.26.23300539v1?rss=1,https://da.gd/Wskn
