feed,title,long_url,short_url
PwC:Latest,/danleonte/ Likelihood-based inference and forecasting for trawl processes: a stochastic optimization approach: https://github.com/danleonte/ambit_stochastics,https://paperswithcode.com/paper/likelihood-based-inference-and-forecasting,https://da.gd/b9cz
