feed,title,long_url,short_url
r/RL:20+,"""Neural Architecture Search', Lilian Weng 202 review",https://redd.it/i60vpe,
