feed,title,long_url,short_url
r/covid19:2+,[Preprint] Risk of new-onset Long Covid following reinfection with SARS-CoV-2: community-based cohort study,https://redd.it/12tju0r,
