feed,title,long_url,short_url
Medium,Centralized platform architecture,https://medium.com/p/7bb453fd6a25,
Medium,Most Popular Python Libraries and Frameworks,https://medium.com/p/61623d0e140,
