feed,title,long_url,short_url
GN:T:RE,Warren Buffett issued five words of advice for raising children to be successful - Daily Express,https://www.express.co.uk/news/world/1415505/Warren-Buffett-news-billionaire-advice-child-raising-David-oglivy-eccentricities-ont,
