feed,title,long_url,short_url
Medium,9 Pandas Tricks in Python You Should Know: Real-World Examples to Boost Your Data Analysis Skills,https://medium.com/p/62b624f7ce3d,
