feed,title,long_url,short_url
GN:S:RL,Engineers pre-train AI computers to make them even more powerful - Express Computer,https://www.expresscomputer.in/artificial-intelligence-ai/engineers-pre-train-ai-computers-to-make-them-even-more-powerful/64173/,https://j.mp/3kLBZdL
