feed,title,long_url,short_url
TDS,How to Select the Right Machine Learning Algorithm,https://medium.com/p/b907a3460e6f,
TDS,Speed Cubing for Machine Learning,https://medium.com/p/a5c6775fff0b,
