feed,title,long_url,short_url
GN:S:GW,Brazil Invited the World to the Amazon. It’s Become a Big Headache. - The New York Times,https://news.google.com/rss/articles/CBMikgFBVV95cUxQbFI4blJQVF9UZkRQTmJYMjBPdlMwVTNKSVJJSFhqNDQzcDU3NzFJR3hNSmtYR3g2UVQyYTRwdTJQemRZSFFxZTBYTENTMGs4Mk92YkxkM2hXNlU2aUZJUzNxbFpJVGVRbXZwRWNqaWRCNFFnbUhLX2RWSUtDT0hhYnd4SUcwdl9rY1pJVGhzSndMQQ?oc=5,
GN:S:GW,Big Oil Companies Caused about 25 Percent of Heat Waves since 2000 - Scientific American,https://news.google.com/rss/articles/CBMirwFBVV95cUxQalVwWjhYUk11emhHWnRnZDFERGtNSFNHUTB1eXhONWh2U3NKaUNINzI0VHRlRmNHX1AxWkJVaU15dE5yRE51UjE4OXhlb1U0WndrcjZKZ091dzg2SDJqb2FURzdXdF9GdHdVSDdqcHdkZnU3VVpNckFBMGV0NEt3endhTXpfM0lvUnp1ZU0wdm9fbEtiRkF2b2tqZUZXVXBVQ2F6d0VkYnVEYmJmU25r?oc=5,
GN:S:GW,Researchers Warn That We Can't Engineer Our Way Out of Climate Change - Popular Mechanics,https://news.google.com/rss/articles/CBMijwFBVV95cUxPWUNqOFMwc2ZqS2ozYnRYY0NacDVpdm9zd3FxQ25ETFB6UTVHV1dDT3MtTnFCTU5hOVVRYkxvMjF0WDdYVDlqREs0MXRhbHR0Z0hENElkRUJjamVFYzlJa1hSanY5bEF3S1B0ZnBDTTVFellmekZnanpiU2IyZW5yQzZXbjVqTDBJZGExN0FsSQ?oc=5,
GN:S:GW,Scientists Link Major Carbon Emitters to Worsening Heat Waves - Insurance Journal,https://news.google.com/rss/articles/CBMifkFVX3lxTE00Nmk4VkpNQUhXZS1CZ05oS09hSEV1Q3lXY0JiWk5SRllsR2tnUHhqdUZ6RGdUSVRvODFjZ3ZkOHFHcHhpcnZyQ2Z0NG5PbTFVSmtmSWUzR3lvQklRUkJ5WlExYW8xajNZTTJmdEoxWlI0ZkVZZHEwVTdkeUtaUQ?oc=5,
GN:S:GW,Burgum Urges Europe to Prioritize Fossil Fuels for AI Over Climate Risks - WebProNews,https://news.google.com/rss/articles/CBMiogFBVV95cUxOcTdROVhGcVNlSTRpOEhXUUYxMy1Hc2d3MWRKYmRrTTJFMHFRcGVIODJFek9fM2dxMmZfN2hqNTE2VXpvQ08zTmk2UVRtYkhUaUlxS3VMTHNBUW9MRVdWUVhlTWwtd2F0S3pEbERiZnc1clVFbGp6LTZmRVRzZUFKekZjMlFLY015WFlwY3VaYzJjdDFuSmVWUVpMdmNwRzNFWkE?oc=5,
GN:S:GW,Climate change threatens restoration successes in Lake Piburg - Phys,https://news.google.com/rss/articles/CBMif0FVX3lxTE1VME8wLU9YS3dJWU5EbjZxWUszaXNaYm9PSEM0bFpQRFhzbFZsZHRQdjNVSllOSGhHOXJmUnNJWUJES2pHSWtmVVFvVmJRVzU0VUk1cDBfUlNzbnNvaWQ2Q3F5bmUzLThqcXYyemUzS2NGcjBuQXZJX3hVSkc0SVk?oc=5,
GN:S:GW,African leaders urge fair funding with $50bn climate call - RFI,https://news.google.com/rss/articles/CBMimgFBVV95cUxPR1ZOU2JabGlQa1ZHQVpuMkl6XzBDbmd2amEzUl85b2Fqd2Z2MkVvTlpYZ0Jta215TF9mbGVQX296MnBMU0xQcUNLZWljMzVXS1BqQTB5cXhhTVh6Qm00d19jVjdMWmpCTGd2OEZKY2ZNenF3NmJ6Ym54Nnc1Rm5MSFV5dnZCS2NGQ0E1Z1o5R3FWb0FOUjdtdkh3?oc=5,
GN:S:GW,Climate 100: Join us to celebrate the world’s leading environmental champions - The Independent,https://news.google.com/rss/articles/CBMimgFBVV95cUxNMWdndjU1UG9QMTZveGt2SHUxRzVvaGdELTd4ODNnNkUwZXZnOTNzRGVHOXlaMDA0ZS1NSVBkVlVtQUxlaXMxTHBjb0VfRDlOdWVHcGpXMEhJUHVrdnVxX3RHRHNjMHVCSzR6U0lHWHJTVk51Zm1rd1JRcV95XzN3N3dBMkw3eVlDNF9RV1dLdmVhQ1JwSGs4RXRR?oc=5,
GN:S:GW,Climate Change and the Indus Basin: A Growing Risk Multiplier - The National Interest,https://news.google.com/rss/articles/CBMiqwFBVV95cUxNd1YtRGRwQ013LWdUMjJLU3lNckNiR25BY0VZbDhTd1ZhRFdTdlpCRlp2b0VZWFB4eHM4VFQ0U1hHTnc2UW5MZWYzVlFnMlkwLVo1SDRwUnZlcm5WbWU1clVHMGV0ZmVmMTMwc1lLT3ZmbWg5NmZXTEgxbW1CMGNaYUlvRkhpUk82X09IMlJBME1uWVNVQkx2cDJnVXl1M3pYcFhjZ1A3ODZHaTA?oc=5,
GN:S:GW,China suffered damage worth £2.2bn in August as monsoon wreaked havoc - The Independent,https://news.google.com/rss/articles/CBMiqgFBVV95cUxNTnBKMXZXUDBVdUk2OURneVNHOW9BaWVFaW1iMms1SUFUOWxRdDNCamVqeWtDSmF0V2JURGpDckQwNUJSOTdMLXZDcDU3dDhINmZjX0FIazlxbEVVUTJ6b3lJTGVZSnVHTDAzRVk1aFdwVDJCVnJQRHpKckx6dEpDeS03VzNoX1lMRFljZ3djcTlPU1U3Qmw3ZGt5Q0ZVRV9aRkVfaTNDYnlmQQ?oc=5,
GN:S:GW,African leaders urge fair funding with $50bn climate call - Yahoo News UK,https://news.google.com/rss/articles/CBMif0FVX3lxTFB4QTIxS3N0OGdHSWtUY1Q3UVhUaWdRbkl5NU1CUTlyM3g4cFRJdTU0YXZ1SFY2aEpQRkUwUUlmQy1QTF9SMDgtMHFlRG14WEYwVHBwTFl1Zmo0Rjh6U05KUzJfcXRsblF5YngtVHMzMzcxajVLTnJ5RWJ2TklhRDQ?oc=5,
