feed,title,long_url,short_url
GN:T:RE,Nuclear reactor Hualong One’s success could drive China’s decarbonisation - South China Morning Post,https://www.scmp.com/business/companies/article/3126397/hualong-one-success-suggests-nuclear-can-compete-wind-solar,
