feed,title,long_url,short_url
Medium:DS,Colossal Biosciences Achieves Historic Breakthrough — First Blue Buck Calf Azura Born After 200…,https://medium.com/p/d8924a73ed16,
