feed,title,long_url,short_url
Medium,Here’s How Albert Einstein Proved Pythagoras Theorem When He Was 11,https://medium.com/p/be49db93355f,
