feed,title,long_url,short_url
Medium,Popular Python Libraries,https://medium.com/p/e9bf4c0d4f96,
Medium,Boost Your Data Processing with PySpark’s ‘when’ Command,https://medium.com/p/c35bde6315cd,
