feed,title,long_url,short_url
Dask,Measuring Dask memory usage with dask-memusage,https://blog.dask.org/2021/03/11/dask_memory_usage,https://j.mp/3s0MX3j
