feed,title,long_url,short_url
Medium,Day 19: Prefect vs. Apache Airflow — Choosing the Right Data Orchestration Tool,https://medium.com/p/12c8e47c58c6,
