feed,title,long_url,short_url
PwC:Latest,/wang-chen/ Unsupervised Online Learning for Robotic Interestingness with Visual Memory: https://github.com/wang-chen/interestingness,https://paperswithcode.com/paper/unsupervised-online-learning-for-robotic,https://j.mp/3DBKYbm
PwC:Latest,/Owen718/ Perceiving and Modeling Density is All You Need for Image Dehazing: https://github.com/Owen718/Perceiving-and-Modeling-Density-is-All-You-Need-for-Image-Dehazing,https://paperswithcode.com/paper/perceiving-and-modeling-density-is-all-you,https://j.mp/3cq22VF
