feed,title,long_url,short_url
Medium:ML,The Death of Sessionless AI: How Conversation Memory Will Evolve from 2026–2030,https://medium.com/p/9afb9943bbb5,
