feed,title,long_url,short_url
Medium,Engineering Consciousness: The Complete Framework and Path Forward,https://medium.com/p/8c9a8f0cd573,
