feed,title,long_url,short_url
Medium,A Silent Killer in India: Air Pollution,https://medium.com/p/7c3ec9663bdc,
