feed,title,long_url,short_url
Medium,"Exploratory Data Analysis (EDA) with Pandas, Matplotlib, and Seaborn",https://medium.com/p/27769f0fe5f7,
Medium,Pandas for Beginners,https://medium.com/p/b4a96c82386c,
Medium,CuPy: NumPy on steroids,https://medium.com/p/0b931c94fedf,
Medium,Building a GPT-4o Like Multi-Modal from Scratch Using Python,https://medium.com/p/ad0fa9c213d3,
