feed,title,long_url,short_url
Preprints,Individual-Level Factors associated with Perceived COVID-19 Risk among Health Care Workers in South Africa,https://www.preprints.org/manuscript/202310.1267/v1,https://da.gd/rvWK5
