feed,title,long_url,short_url
TDS,"Decision Tree Regressor, Explained: A Visual Guide with Code Examples",https://medium.com/p/fbd2836c3bef,
TDS,Fine-Tune Llama 3.2 for Powerful Performance in Targeted Domains,https://medium.com/p/8c4fccef93dd,
