feed,title,long_url,short_url
GN:T:AI,"Elon Musk sues OpenAI, Sam Altman again - Fox Business",https://news.google.com/rss/articles/CBMigwFBVV95cUxQZzRPUVdZTDZNWEJQdnVwZW42eVlaUnVZR3NRRWFhZ0paeHlWRnIya0VGUXZKZHl0T3NIcjB4MnItbE1MbDJ6SnUxNk5nOHhrUklaNlBoblVfeWJ1Y25RTHYya3ZBYVNIWW1wcUZ0RlJqOTU2cHAxeVRESEVQcUY5cEhUWdIBiAFBVV95cUxQbkZVOGRRMG5ybzd3X0puQkxUUEVCM1kxRlZpaVF1YjUwbnNkdFhkYzFCeS1GTENlbVg4eEdVX1M3UXpvNTdzR0RsWm9VcDFhU2dzU0MxTGNlOGNxVUdveEd3M3F4ZHl0bUtSMlhyUEdSVXhWaWZTWkQ5UmV0V2p4Q2ZWMnlUaDhL?oc=5,https://da.gd/TncmU
GN:T:AI,"Nvidia, ChatGPT and more: Is there an AI bubble — and is it about to pop? - Vox",https://news.google.com/rss/articles/CBMingFBVV95cUxOSENIZDZfamZkN0dnUzlCZ2xMNFBQd1NOaXhzTzlPZzNSR0Y3cXhlTFJBNkJZbXFvQ3QyMU9PaXB0ZDVMTXMtMzh5el9tZS1YU3dGakF2dTUtQVhpeGx3aXhmQWlJQ0g2c1lCVDBZM25UWlV5S09IZ3hJR3FtUllTLWpMY2JVaE1sYmh2NGw2R0o2b2RiTTIyNW95TUZ2Zw?oc=5,https://da.gd/WRwrU
GN:T:AI,Automattic launches AI writing tool that aims to make WordPress blogs more readable and succinct - TechCrunch,https://news.google.com/rss/articles/CBMiywFBVV95cUxQWGVFaDRRVlBRTV9NX1k5M2hXWmlVbDBta1dNVHJUb2xrUGlKNHhPNnlrQjZCVG02VVh1RGRyNmZIUXlXQXlkWVZWYXBmUGNJaEd1NkhkcVd2M2k5bmh1TWR3ejVNNEsxZmxBNjlnMmR4WEFLbTJZakFQTlk1aDhYdVgyMXUybDRsSXZLZkVJTmZiM2FyWUJaUkRtcVRUdWJ6QVFxVzhSSUVVdjZrNEZXZ2t3UEJjODRsVzJXSFpMRDlablJlV3AwTjRxRQ?oc=5,https://da.gd/5hco
GN:T:AI,"1 Stock-Split Artificial Intelligence (AI) Stock to Buy Before It Skyrockets 67%, According to One Wall Street Analyst - The Motley Fool",https://news.google.com/rss/articles/CBMilgFBVV95cUxQc3pRRHh6OFhwdXRWb3BjQUUxQlh6aWgzTXY0b3dmX1dPTnM5ZE8tS2tscmVpcEZ3RFRXc1o3aHV0bE1FaVNlZHBsYTFPb3RFdDJkaXE1dy0xQk9lX2lMSFRyam5xNDEyaDBaS0NzbUprcW1jb196cl9BbUp3cF9iWmNqa2FGNjVrMTdxZkFMbHRhcHNYS0E?oc=5,https://da.gd/mICTji
GN:T:AI,The AI Founder Exodus - The Information,https://news.google.com/rss/articles/CBMibkFVX3lxTE9uQVZUMWtiWThyRkRoWk9La2ZPOGoxU2NCRUdWaTY3a0lrZ3BveURtV2xPRDRxY29ubXp0RVEtWG01VFdfamVOWjF4UHJ2bERsZ0ZUdy1pSEJocXZzM0laQ1VqcWNqZ3B1VjRXOVlR?oc=5,https://da.gd/ebSjPs
GN:T:AI,Google just unveiled 2 major smart home AI updates - and Nest users will be excited - ZDNet,https://news.google.com/rss/articles/CBMisgFBVV95cUxQNTNlX1JzdFZ2UUJBX05HSEV2Z0J3UlhlNWQ2SlItSWhQYzZpSXgtWTBpa1BVbUpqVFMzbi1PXzNjX1pubHdpYmZRVkNySHRRME1oeVhET3d4WHFBeXJTV1BuSWhDVGFEclJ4OUNZT3VfQ19ZTFpaQnZFWlowdFMyeTB2Z3ZBVW14ajJzUXdQTFlNRjU3bWZpVFZNd0hFcF8zUXAweUg0RWN4by00dFhkTE9B?oc=5,https://da.gd/VYMUR
GN:T:AI,"Moonshot AI founder builds business in the mould of ByteDance, OpenAI - South China Morning Post",https://news.google.com/rss/articles/CBMixAFBVV95cUxPbzBDRzZCTWN3RDIydFZhWU5Mamk4U3JnUk85VWtTSjVGZFlZQUtFcU1DVlAyak1fcWdIeHVqMFlwM1pmX1FhSmcwOXVtTWhPQlF4NXVxZ2dBNkthZU5QR0pYUkR4LVFadlRtWXNzZ3RXcjlHUjlWVHFWNW54clJkMG1BQ0t5S2xtWGU0VWZwUWhYVDl1ck42UUFkeGU0VkF3U1EwQXQxSGVwTVBnVk85Z1VkaUlkZTYweGRjcU5WWWFTa2tN?oc=5,https://da.gd/Czzfh
