feed,title,long_url,short_url
TDS,What helped me become a better Data Analyst,https://medium.com/p/92cff70c5e10,
