feed,title,long_url,short_url
GN:T:RE,Pan African Resources maintain guidance and win solar power contract - Kitco NEWS,https://www.kitco.com/news/2020-12-15/Pan-African-Resources-maintain-guidance-and-win-solar-power-contract.html,
GN:T:RE,"Tesla Changes Up Solar Offerings, Renaming Small, Medium And Large Options - Benzinga",https://www.benzinga.com/tech/20/12/18799429/tesla-changes-up-solar-offerings-renaming-small-medium-and-large-options,
