feed,title,long_url,short_url
GN:T:GP,Landau city council considers revival of geothermal power plant - ThinkGeoEnergy,https://www.thinkgeoenergy.com/landau-city-council-considers-revival-of-geothermal-power-plant/,
GN:T:GP,Updates given on Dominica geothermal project - ThinkGeoEnergy,https://www.thinkgeoenergy.com/updates-given-on-dominica-geothermal-project/,
