feed,title,long_url,short_url
ArXiv:eess,Exploring Complexity Changes in Diseased ECG Signals for Enhanced Classification,https://arxiv.org/abs/2510.17810,
ArXiv:eess,Synthetic EEG Generation using Diffusion Models for Motor Imagery Tasks,https://arxiv.org/abs/2510.17832,
ArXiv:eess,Conformal Lesion Segmentation for 3D Medical Images,https://arxiv.org/abs/2510.17897,
ArXiv:eess,Hearing Health in Home Healthcare: Leveraging LLMs for Illness Scoring and ALMs for Vocal Biomarker Extraction,https://arxiv.org/abs/2510.18169,
ArXiv:eess,SO(3)-invariant PCA with application to molecular data,https://arxiv.org/abs/2510.18827,
ArXiv:eess,Quantification of dual-state 5-ALA-induced PpIX fluorescence: Methodology and validation in tissue-mimicking phantoms,https://arxiv.org/abs/2510.18387,
