feed,title,long_url,short_url
PwC:Latest,NeuralScale: Efficient Scaling of Neurons for Resource-Constrained Deep Neural Networks,https://paperswithcode.com/paper/neuralscale-efficient-scaling-of-neurons-for-1,https://j.mp/2YwJEV4
PwC:Latest,COVID-19 Image Data Collection: Prospective Predictions Are the Future,https://paperswithcode.com/paper/covid-19-image-data-collection-prospective,https://j.mp/31fMpf5
PwC:Latest,Hierarchical Inter-Message Passing for Learning on Molecular Graphs,https://paperswithcode.com/paper/hierarchical-inter-message-passing-for,https://j.mp/3i16MTu
PwC:Latest,"Automatic Recall Machines: Internal Replay, Continual Learning and the Brain",https://paperswithcode.com/paper/automatic-recall-machines-internal-replay,https://j.mp/2NsXYYl
PwC:Latest,Deep Belief Network based representation learning for lncRNA-disease association prediction,https://paperswithcode.com/paper/deep-belief-network-based-representation,https://j.mp/2zZ3hvs
