feed,title,long_url,short_url
GN:T:DS,"Data Science Tools Can Help Boost Speed, Quality of MRI Reconstruction - HealthITAnalytics",https://news.google.com/rss/articles/CBMiaGh0dHBzOi8vaGVhbHRoaXRhbmFseXRpY3MuY29tL25ld3MvZGF0YS1zY2llbmNlLXRvb2xzLWNhbi1oZWxwLWJvb3N0LXNwZWVkLXF1YWxpdHktb2YtbXJpLXJlY29uc3RydWN0aW9u0gEA?oc=5,https://da.gd/3yE5b9
