feed,title,long_url,short_url
GN:T:GP,Geothermal energy: an attractive option for AI data centers? - digitimes,https://news.google.com/rss/articles/CBMijgFBVV95cUxNNjl5S1dIbm4tblZpY0ZoQ2d1d2c4bWREWkxHRDNwaWgwSzRHMXR1UzNvS0xaTUNwT1ZmWlFra3JadnZMc2k5WjYxM1hsbmRnRFJrVWpWc1hLNXVHSUxoYjdCU1dINVdoN250VjJqZG1EZkx6b2haaFpEZkVnVHp1VVNxOS1rOWplTU1ydlVR?oc=5,https://da.gd/2y8Em
GN:T:GP,Oil Prices Are Set for Another Monthly Dip - Crude Oil Prices Today | OilPrice,https://news.google.com/rss/articles/CBMinwFBVV95cUxOdUxIUWNFaGpoSmppY3lvMnFoUTRWUWFrZEh0Z0J4SW9yYU0zLWxzUWtkVGNnNVhGempvR01XSVRZY0xTYTliVzBNLWFhMUl4NlR5V2ZXckVxeTdobUpGS1B6S2ZjQ0U1c3NlQjhnZUxWT1UxZEctWUlHSmNqUDF2b21FaU52eGhzSGtDN0xvNHZHejZPYzdQb3k0cXNiYmM?oc=5,https://da.gd/i6JUXM
GN:T:GP,Petrobras Reports Flat Oil Output for Q1 - Crude Oil Prices Today | OilPrice,https://news.google.com/rss/articles/CBMinAFBVV95cUxPTTdra1lpU1ZoR3hVdGxZenJlZXd6TVJfaDVrMURPaVR3ZGlNcmM0cnpnVERadnlrdlJUVElXRnRKOTkxd3piX0VqMFJpeEF1V1RBZXVYQkViN09qNng0ZVM3cUFRclZpdlBpc2gzbktRbkhxRDJUei04Z0Y0dTkxZlRDRVRxckcwMHNXLXdSMmt5RWdYUWgwd19sZGzSAaIBQVVfeXFMTlJweWROeGo5SUw5cXZlNVp6dGF4NGV3S2ZaclFfUTB6NzFFV0Q4cURYLUNxQXduOTdySGtxNnJkZmIxcHVMZ2RpbXNYeHJrME0teXBkSVRnN0ZGX1dDNEdySGVhOU96M0JvYVJ0UnYxVHM3UVdkemwyYWJPMV9xeENERnZzUFZTeEZacDlDem80UFJjRnlRcVViMkFVRU9RVHRR?oc=5,https://da.gd/4nia
