feed,title,long_url,short_url
Medium:DS,Analysis of COVID-19 Impact On (BEACH) Stocks and Price Prediction,https://medium.com/p/6c78aa1c00f3,
