feed,title,long_url,short_url
GN:T:DS,Axtria Recognized in Two Gartner® Hype Cycle™ Reports for 2025 for Advancing Data Science and Analytics in Life Sciences India - English - PR Newswire,https://news.google.com/rss/articles/CBMiiAJBVV95cUxPQl9wcGJYSkRWOXZkelRrLVRrbmFNT1RubnNaZHpvY2dBZFdqOEpEaUI4X0hHcDU3eWVnMHB4dTIyZHRHbkZERmNUNUswUlktOGkwR0J1eTh6NzlBY2Z0TzVyRVdmTmNzVnc3cVNiOUM2THJlUzg0OGxhSWZnN25FU0pOVXUweld5dUYxQ1lzZWNEWkJrb1E4U2hNOXZoRjRJelZwNVlIT1FmZ3ZmUlJyak13Ynl1NWlDVnlGQS1GMGZyQ28xZ1B6MWRmNTc1emhXeHV2NnJtMl8xSlctTEFSSDc5VndwQm5tNFJfc1hncGNaVmZTUlkzUE1OMVBUR0FjY09OWlFEY2k?oc=5,
