feed,title,long_url,short_url
MedicalXpress,GLP-1 'secret shopper' study finds gaps in online prescribing,https://medicalxpress.com/news/2026-07-glp-secret-shopper-gaps-online.html,
