feed,title,long_url,short_url
GN:S:RL,"Policy Gradients: The Foundation of RLHF | by Cameron R. Wolfe, Ph.D. | Feb, 2024 - Towards Data Science",https://news.google.com/rss/articles/CBMiU2h0dHBzOi8vdG93YXJkc2RhdGFzY2llbmNlLmNvbS9wb2xpY3ktZ3JhZGllbnRzLXRoZS1mb3VuZGF0aW9uLW9mLXJsaGYtMzM3MzQ2YmVlZjQw0gEA?oc=5,https://da.gd/enBpu
GN:S:RL,Revolutionizing Freight Transportation: The Power of AI and Machine Learning - ai2,https://news.google.com/rss/articles/CBMiaGh0dHBzOi8vYWkyLm5ld3MvMjAyNC8wMi8wOC9yZXZvbHV0aW9uaXppbmctZnJlaWdodC10cmFuc3BvcnRhdGlvbi10aGUtcG93ZXItb2YtYWktYW5kLW1hY2hpbmUtbGVhcm5pbmcv0gEA?oc=5,https://da.gd/xxHTl
GN:S:RL,A reinforcement learning approach for process parameter optimization in additive manufacturing - sciencedirect,https://news.google.com/rss/articles/CBMiQ2h0dHBzOi8vd3d3LnNjaWVuY2VkaXJlY3QuY29tL3NjaWVuY2UvYXJ0aWNsZS9waWkvUzIyMTQ4NjA0MjMwMDE2OTDSAQA?oc=5,https://da.gd/tsrzuR
GN:S:RL,Top Machine Learning Companies - Datamation,https://news.google.com/rss/articles/CBMiTmh0dHBzOi8vd3d3LmRhdGFtYXRpb24uY29tL2FydGlmaWNpYWwtaW50ZWxsaWdlbmNlL21hY2hpbmUtbGVhcm5pbmctY29tcGFuaWVzL9IBAA?oc=5,https://da.gd/YB4N
GN:S:RL,Reinforcement Learning Vs. Deep Reinforcement Learning: What's the Difference? - Techopedia,https://news.google.com/rss/articles/CBMibWh0dHBzOi8vd3d3LnRlY2hvcGVkaWEuY29tL3JlaW5mb3JjZW1lbnQtbGVhcm5pbmctdnMtZGVlcC1yZWluZm9yY2VtZW50LWxlYXJuaW5nLXdoYXRzLXRoZS1kaWZmZXJlbmNlLzIvMzQwMznSAQA?oc=5,https://da.gd/DNuZb
GN:S:RL,Using reinforcement learning to identify high-risk states and treatments in healthcare - Microsoft,https://news.google.com/rss/articles/CBMihQFodHRwczovL3d3dy5taWNyb3NvZnQuY29tL2VuLXVzL3Jlc2VhcmNoL2Jsb2cvdXNpbmctcmVpbmZvcmNlbWVudC1sZWFybmluZy10by1pZGVudGlmeS1oaWdoLXJpc2stc3RhdGVzLWFuZC10cmVhdG1lbnRzLWluLWhlYWx0aGNhcmUv0gEA?oc=5,https://da.gd/wn0av
GN:S:RL,Research Collection – Reinforcement Learning at Microsoft - Microsoft,https://news.google.com/rss/articles/CBMiZmh0dHBzOi8vd3d3Lm1pY3Jvc29mdC5jb20vZW4tdXMvcmVzZWFyY2gvYmxvZy9yZXNlYXJjaC1jb2xsZWN0aW9uLXJlaW5mb3JjZW1lbnQtbGVhcm5pbmctYXQtbWljcm9zb2Z0L9IBAA?oc=5,https://da.gd/6RRPOJ
GN:S:RL,Experimental quantum speed-up in reinforcement learning agents - Nature,https://news.google.com/rss/articles/CBMiMmh0dHBzOi8vd3d3Lm5hdHVyZS5jb20vYXJ0aWNsZXMvczQxNTg2LTAyMS0wMzI0Mi030gEA?oc=5,https://da.gd/JDCxg
