feed,title,long_url,short_url
j:MDPI:A,Dose-Dependent Effects of Lipopolysaccharide on the Endothelium—Sepsis versus Metabolic Endotoxemia-Induced Cellular Senescence,https://mdpi.com/2076-3921/13/4/443,
