feed,title,long_url,short_url
GN:T:AI,VCIG to Launch Military-Grade Cybersecurity Vault at ASEAN AI Summit — A Quantum-Resistant Cloud Solution for Ransomware Defense and Encrypted Data Sovereignty - Yahoo Finance,https://news.google.com/rss/articles/CBMijwFBVV95cUxPdVJXaUIwaGM4X3JYc2NiT1JvMWhablRVUmFFUHlLSllWWTJIaXNsbTFjc3BQYy1GWS1FVndRcXl3dTNsb3o4dkFPUWpSM3A3REZXU3hsTEhtSE8xMDBPR3dsZk02UEZDelZqcWVMczNUZHZ4MklpMG80UW5ZOEE0T2dJVzV3Q01wMGVGYTlXVQ?oc=5,
GN:T:AI,Meet the Gen Zers who have sworn off AI — and ask their friends to do the same - Business Insider,https://news.google.com/rss/articles/CBMidEFVX3lxTE01TkhsZG90RTFHVHR3bnVYel9PODRuRy0zNk5zU2tWNnF2MzBMVTVfVncxWk1CUmRydXBHR1lsb09WaXR0SGNvWW9Wd2hYLTBrSjlHYkkyMEZncElOS1g0QTFNSkhuRnA4ckx5ZDZpdUNybFlR?oc=5,
GN:T:AI,"Got $3,000? 3 Artificial Intelligence (AI) Stocks to Buy and Hold for the Long Term - Yahoo Finance",https://news.google.com/rss/articles/CBMid0FVX3lxTE5qMG1RSExtaWZQQmR4WVNiZi1Wb3g0d0RuenZlYlcxY18yU09oOV9fT2FMaW5wZXMxSk5NU2ZPaVlHX2pBbUh5NGxHVkNnSlFheVhYVExtWDZ2S003NTRMWW5GSTVHRXJDN0hxbWVQM21wZk84emZj?oc=5,
GN:T:AI,Type II mechanoreceptors and cuneate spiking neuronal network enable touch localization on a large-area e-skin - Nature,https://news.google.com/rss/articles/CBMiX0FVX3lxTE9PUkw4Y29TUUMyeTJfQ2FyOUNTUU1hQmhtQklBdUFDT09TX2duemZBUGZNYjBuTXJoVVU3Z3ZrYlJLT25welZzTEVReV9TX2h4UGw1TlYzOGVGTXlJZlRR?oc=5,
GN:T:AI,Opinion: Artificial intelligence and the end of college education - Times of San Diego,https://news.google.com/rss/articles/CBMisgFBVV95cUxQZm5MbU5wQWxwVlNjTk1jR1BPSVJVYzNmeTJYb2dUUGF0V1hzYUZkb0UwRmF2Ymg4NHYtWnYyWTFIZlQtVUQ3QjFDUHVKUnVlb29aZnVWaWZpUXhJdGl3UUFfT2xBX01WZnJnSm12dmpVMnh1UkNtRGdGYWFUd3k5SFVPZEJzSW8xYkxIeG1yM3U0TmkwcmFLcG93TGZiMHFmYUVNU1lCb1JvYVZSNGxDZklR?oc=5,
GN:T:AI,The Gulf’s trillion-dollar AI dream has a water problem - Rest of World,https://news.google.com/rss/articles/CBMiX0FVX3lxTE1LX3lTM3UtTDVhT2F0LVpyTTZTRkhjdGQ2NW9RQ184ZExfc0ZORmkyemR3WW9HcUJhT3QzUW9pOFYzbF9fLXJEOGFXcFVxdE1hTDUyTmdnaUtJTlN0VGFz?oc=5,
