feed,title,long_url,short_url
TDS,Creating a Racing Bar Chart using the Covid-19 Dataset,https://medium.com/p/c7595d0b51ee,
