feed,title,long_url,short_url
BioRxiv,A novel antiviral formulation inhibits SARS-CoV-2 infection of human bronchial epithelium,https://biorxiv.org/cgi/content/short/2022.10.05.510928v1?rss=1,https://bit.ly/3yfv4mr
