feed,title,long_url,short_url
GN:S:RL,NOW READ: Get 20 Percent Off Top-Rated Edureka Data Analytics Courses This Month - Solutions Review,https://solutionsreview.com/business-intelligence/top-rated-edureka-data-analytics-courses/,https://j.mp/2OkZIXd
