feed,title,long_url,short_url
PwC:Latest,/western-oc2-lab/ PWPAE: An Ensemble Framework for Concept Drift Adaptation in IoT Data Streams: https://github.com/western-oc2-lab/pwpae-concept-drift-detection-and-adaptation,https://paperswithcode.com/paper/pwpae-an-ensemble-framework-for-concept-drift,https://j.mp/2XjzVDN
PwC:Latest,/iesl/ Box Embeddings: An open-source library for representation learning using geometric structures: https://github.com/iesl/box-embeddings,https://paperswithcode.com/paper/box-embeddings-an-open-source-library-for,https://j.mp/3C4K6uD
