feed,title,long_url,short_url
GN:T:RE,Thomas Frohlich: We’re not modernizing fast enough to combat climate change - vtdigger,https://vtdigger.org/2022/02/21/thomas-frohlich-were-not-modernizing-fast-enough-to-combat-climate-change/,
GN:T:RE,Candela C-8 Is The iPhone Moment For Electric Boats - CleanTechnica,https://cleantechnica.com/2022/02/21/candela-c-8-is-the-iphone-moment-for-electric-boats/,
GN:T:RE,Schneider Electric purchases controlling stake in EnergySage – pv magazine International - pv magazine International,https://www.pv-magazine.com/2022/02/21/schneider-electric-purchases-controlling-stake-in-energysage/,
