feed,title,long_url,short_url
r/covid19:200+,[Preprint] Real-world data suggest antibody positivity to SARS-CoV-2 is associated with a decreased risk of future infection,https://redd.it/khupvt,
