feed,title,long_url,short_url
Medium,Mastering Python Decorators: A Comprehensive Guide,https://medium.com/p/2afc80913c95,
