feed,title,long_url,short_url
NextPlatform,A First Peek At China’s Sunway Exascale Supercomputer,https://www.nextplatform.com/2021/02/10/a-sneak-peek-at-chinas-sunway-exascale-supercomputer/,https://j.mp/3tLSETW
