feed,title,long_url,short_url
GN:T:CT,More newcomers flock to lucrative Russian box trades - Splash247 - Splash 247,https://news.google.com/rss/articles/CBMiS2h0dHBzOi8vc3BsYXNoMjQ3LmNvbS9tb3JlLW5ld2NvbWVycy1mbG9jay10by1sdWNyYXRpdmUtcnVzc2lhbi1ib3gtdHJhZGVzL9IBAA?oc=5,https://da.gd/U3igLV
GN:T:CT,ClassNK Guidelines Fire-Fighting for Container Carrier - The Maritime Executive,https://news.google.com/rss/articles/CBMiX2h0dHBzOi8vbWFyaXRpbWUtZXhlY3V0aXZlLmNvbS9jb3Jwb3JhdGUvY2xhc3Nuay1ndWlkZWxpbmVzLWZpcmUtZmlnaHRpbmctZm9yLWNvbnRhaW5lci1jYXJyaWVy0gEA?oc=5,https://da.gd/xzZ5
GN:T:CT,EU emissions scheme puts pressure on Estonian road transport companies - ERR News,https://news.google.com/rss/articles/CBMiZWh0dHBzOi8vbmV3cy5lcnIuZWUvMTYwODk1MjIzNy9ldS1lbWlzc2lvbnMtc2NoZW1lLXB1dHMtcHJlc3N1cmUtb24tZXN0b25pYW4tcm9hZC10cmFuc3BvcnQtY29tcGFuaWVz0gEA?oc=5,https://da.gd/4jIWG
