feed,title,long_url,short_url
r/AGI,OpenAI o3 Breakthrough High Score on ARC-AGI-Pub,https://redd.it/1his9ui,
