feed,title,long_url,short_url
Medium,Make Powerful Deep Learning Models Quickly Using Pytorch Lightning,https://medium.com/p/29f040158ef3,
