feed,title,long_url,short_url
MedRxiv,SARS-CoV-2 mRNA vaccination fails to elicit humoral and cellular immune responses in multiple sclerosis patients receiving fingolimod,https://medrxiv.org/cgi/content/short/2022.02.06.22270550v1?rss=1,https://bit.ly/3Hzs3Qv
MedRxiv,Estimating the risk reduction of isolation on COVID-19 non-household transmission and severe/critical illness in non-immune individuals: September to November 2021,https://medrxiv.org/cgi/content/short/2022.02.05.22270453v1?rss=1,https://bit.ly/3ss16Yr
MedRxiv,Cross-Sectional Study of University students attitudes to on campus delivery of COVID-19 vaccines and future-proofing MenACWY and MMR vaccination rates by adopting COVID-19 vaccine roll-out strategies,https://medrxiv.org/cgi/content/short/2022.02.07.22270394v1?rss=1,https://bit.ly/3GzJdMo
MedRxiv,"COVID-19 outbreaks in Australia during a period of high epidemic control, 2020",https://medrxiv.org/cgi/content/short/2022.02.07.22270575v1?rss=1,https://bit.ly/3uxIyZC
MedRxiv,Food insecurity disparities and mental health impacts among cancer survivors during the COVID-19 pandemic,https://medrxiv.org/cgi/content/short/2022.02.06.22270283v1?rss=1,https://bit.ly/35KW3e3
MedRxiv,"Protection of COVID-19 vaccination and previous infection against Omicron BA.1 and Delta SARS-CoV-2 infections, the Netherlands, 22 November 2021- 19 January 2022",https://medrxiv.org/cgi/content/short/2022.02.06.22270457v1?rss=1,https://bit.ly/3JcrSuG
