feed,title,long_url,short_url
BioRxiv,Slippery when wet: cross-species transmission of divergent coronaviruses in bony and jawless fish and the evolutionary history of the Coronaviridae,https://biorxiv.org/cgi/content/short/2021.03.22.436364v1?rss=1,https://j.mp/3d0t2Lm
