feed,title,long_url,short_url
GN:S:C,The Science of Climate Change with Bill Nye (SOLD OUT) - cmnh,https://news.google.com/rss/articles/CBMiowFBVV95cUxOSGl5OGoySEc1SEhqN1FKbGhwQjdBNnpoTFktQ0tCTVQ5YWg4bDhlSy1mT0JvU1I5bDJiM3JBRWY2Z1FKWWMwQUlidEFmdTBDN1NrNlFQbFJHZkJicllLR2FsZl9ESkVZd2FOa2U0RVU0eGljUjlWWk5sR3hHQm1rNVFwWGplTVBQcDVQOGx5ZFptRHlTN0RaVGVMMk5BTGc3WnJJ?oc=5,https://da.gd/vMLb9
GN:S:C,The Rights of Nature Become a Rallying Point Against an Ascendant Mining Industry - InsideClimate News,https://news.google.com/rss/articles/CBMijgFBVV95cUxPLTdjNE5rNmpyS2FYeGg1X21WdXppLVhRblJldU9hNVFhRm9oRUlfSGZzNFFaMUJHNm1MemZnVlRPenA4SUZ2bVlnQW15UFE5WnJIVk11TlRQZ21lLWgxSENSTWpkSWhCWGRxUjZEZFB5WnBlaWNNeU4yNmFWNGs2eXZjeUhTYW9aQ2xiNGN3?oc=5,https://da.gd/1ZYYh
