feed,title,long_url,short_url
Medium,Deploying ML Models Using FastAPI,https://medium.com/p/936ea008230b,
