feed,title,long_url,short_url
GN:T:SP,Going Solar Has Saved Prabhuji Pure Food ₹4.38 Million Annually - Mercomindia,https://news.google.com/rss/articles/CBMioAFBVV95cUxOQmJtMEFWa2c2XzBYTjVFOWpKR0VSbXB1eHh1TWktREpjN18tUGZoVGNtZDQ1YXU2YXhrUVNva09ZZFdWSzIyeF9VcEJrWnJFRjRYTG82VEJlNVk1dEVhcE45TERxWkVqa2NQZXNHMmlXQ0VmVlNiRGVBQkhjX1pQaFQ5RFhvaWN3b0FyTW1MSXVCZjlNb09VRW14UU9UNlY0?oc=5,https://da.gd/7zyHS
