feed,title,long_url,short_url
Preprints,COVID-19 Vaccines: Where Do We Stand at the End of 2023?,https://www.preprints.org/manuscript/202401.0471/v1,https://da.gd/J9uSF
