feed,title,long_url,short_url
GN:T:SP,Anesco eyes 20MW solar farm in Derbyshire - Solar Power Portal,https://www.solarpowerportal.co.uk/news/anesco_eyes_20mw_solar_farm_in_derbyshire,
