feed,title,long_url,short_url
RS,SARS-CoV-2 3CLpro Main Protease Drives Cytoskeletal Reorganization and Tunnelling Nanotube Formation for Stealth Intercellular Infection,https://www.researchsquare.com/article/rs-3918469/latest,https://da.gd/acPx2W
