feed,title,long_url,short_url
LitCovid,Road traffic injuries in Nepal during COVID-19 lockdown,https://pubmed.ncbi.nlm.nih.gov/33520194,
