feed,title,long_url,short_url
Medium,Deploy your Streamlit App to Heroku in 3 easy steps,https://medium.com/p/ba9d7dbef5ec,
