feed,title,long_url,short_url
GN:S:PT,Unleashing AI's Full Potential: NVIDIA Triton's Mastery of Models and Frameworks - yTech,https://news.google.com/rss/articles/CBMiZGh0dHBzOi8veXRlY2gubmV3cy9lbi91bmxlYXNoaW5nLWFpcy1mdWxsLXBvdGVudGlhbC1udmlkaWEtdHJpdG9ucy1tYXN0ZXJ5LW9mLW1vZGVscy1hbmQtZnJhbWV3b3Jrcy_SAQA?oc=5,https://da.gd/hv9L7
