feed,title,long_url,short_url
GN:S:C,Early Warning: Climate Model Predicts Extreme Rain and Floods Weeks in Advance - The University of Arizona,https://news.google.com/rss/articles/CBMirAFBVV95cUxNTXRWTnJiMUQ2VjlkUGZROUJLZGJZc1huaUgzMjVNVm1ZeDVLS3lOUEZ0RDRRRVB3YlBJRXBqR0N3VTlUak5rblV6b01JMTJNaXprSmQtRXdVUVRxbTUzSThBanFTWWpTR2VrWDRjWkJXeGVmX3V1bHJpSVU2YkpVb1Y1cGVTX0NDSzU5VFcwVWNxS2tJWlBCQzZpM094czlGekZ2b3ZtdnZhemdp?oc=5,
GN:S:C,Climate contrarians play role in EPA move to revoke finding that climate change endangers human health - ehn,https://news.google.com/rss/articles/CBMivwFBVV95cUxPci1mSEs2Zjl6LS13cnBZMkI5VmZxRDVFSm9OSXpiVnVwaExsbTEzQzgwanFJNkU5S3BOQWtPeFltM0t0MjRlamc0RmwzYjY0aVRiOS1KZ3lPTDlXTWhSdDI4YzRzZ0FzdDBKZzhVTDhFZzJSblA3TU03UElMaFN4SkJiWXJibTk2QWNPcERtamJ0alRNSm51U2cyWHVMWlIxTWtZS0Fqbk1OY0VFRjBrRGduTjJvOXR1eEZoM1lDSQ?oc=5,
GN:S:C,Tuvalu is being lost to climate change. Other countries will likely follow. - The Week,https://news.google.com/rss/articles/CBMihwFBVV95cUxQaHlHa3ZXVVNFUk5tTEFVYlRIQVdxaFBVWkdGSmNMWThLdVhSRzFaYllaX3hGbmUxRlpBYlZ6SE9nNUR6N0hFNkdLa0RCazFnMFI0VmJhZGVQZ045RXNiMWR0Q200eVd4N0tuXzUxNGtnZW1iY0o4dk9sQVNndzNscFBCWlhNVTA?oc=5,
GN:S:C,Trump Administration Aims to Roll Back Bedrock Climate Tool - WSJ - The Wall Street Journal,https://news.google.com/rss/articles/CBMimgNBVV95cUxNa19SSElJdFdUYXNfSzNnTXJUNVRQckNVckFFNVFPYzF5MldCYUxSWnVPcDI2ZXdIWGk1NzJDUjJ1T3JNMGMwOVZWQjl3OWJLTXJnZmZUdHdTeGk5bUZnWnRnMTdvOWo5ZF9lWDU3M2dDSldxTnFyTzFkR2J4ZU5mSWVsa2MtZ29UWjJ2Mi0xUDJBSTEtRTlBaU8xRkVYRlJ4X1JqZUtmek0wMTFNeGVRYlpJdGptOHpuQkkzV2w5NUM3bmk1NUh0Q2pZeW1nTXRoVjVJN3Y3MXBHZzVoWFBTZDYyMEdkNlhXVVRxSjJLNndUNGlMNmhCWDM2ekRhYlJkSlJoU1FhLVlBV25RMmd3RFRMN1JEOHRKUEFpS2M2Ny1WM194SGxiQlBTOFJxWlBlaElaRFMwYlJnTTlVOGNub05PMk9tY3k3MkdCdi04VmFQMFU3NUFvUU9pUFJqWEZNWjEwVXdjeXNlaUZYbVhHUU1aZjlGMHFXMV9BT1NUQmpqZTNJQjVWYU9pMzVUVHV0cDZ1ZzNEUkxhUQ?oc=5,
