feed,title,long_url,short_url
GN:T:ML,iPhone vs Android: Two different photography and machine learning approaches - AppleInsider,https://news.google.com/rss/articles/CBMidmh0dHBzOi8vYXBwbGVpbnNpZGVyLmNvbS9hcnRpY2xlcy8yMy8wMy8xNi9pcGhvbmUtdnMtYW5kcm9pZC10d28tZGlmZmVyZW50LXBob3RvZ3JhcGh5LWFuZC1tYWNoaW5lLWxlYXJuaW5nLWFwcHJvYWNoZXPSAQA?oc=5,https://da.gd/R86W
GN:T:ML,John Oliver is wrong to worry about ChatGPT. AI can help us solve complex problems. - USA TODAY,https://news.google.com/rss/articles/CBMieWh0dHBzOi8vd3d3LnVzYXRvZGF5LmNvbS9zdG9yeS9vcGluaW9uLzIwMjMvMDMvMTcvaGJvLWpvaG4tb2xpdmVyLWdldHMtd3JvbmctYXJ0aWZpY2lhbC1pbnRlbGxpZ2VuY2UtY2hhdGdwdC8xMTQ2NDc5MjAwMi_SAQA?oc=5,https://da.gd/zNftQA
GN:T:ML,Information set supported deep learning architectures for improving noisy image classification | Scientific Reports - Nature,https://news.google.com/rss/articles/CBMiMmh0dHBzOi8vd3d3Lm5hdHVyZS5jb20vYXJ0aWNsZXMvczQxNTk4LTAyMy0zMTQ2Mi020gEA?oc=5,https://da.gd/9XX9L
GN:T:ML,How Machine Learning is Changing Prescription Delivery - BBN Times,https://news.google.com/rss/articles/CBMiV2h0dHBzOi8vd3d3LmJibnRpbWVzLmNvbS9zY2llbmNlL2hvdy1tYWNoaW5lLWxlYXJuaW5nLWlzLWNoYW5naW5nLXByZXNjcmlwdGlvbi1kZWxpdmVyedIBW2h0dHBzOi8vd3d3LmJibnRpbWVzLmNvbS9zY2llbmNlL2hvdy1tYWNoaW5lLWxlYXJuaW5nLWlzLWNoYW5naW5nLXByZXNjcmlwdGlvbi1kZWxpdmVyeS9hbXA?oc=5,https://da.gd/V79zC
GN:T:ML,Synthetic Training Data from GenRocket Enables Highly Accurate Machine Learning Models for Anomaly Detection - PR,https://news.google.com/rss/articles/CBMiJ2h0dHBzOi8vd3d3LnByLmNvbS9wcmVzcy1yZWxlYXNlLzg4MTkzOdIBAA?oc=5,https://da.gd/R8Jvde
