feed,title,long_url,short_url
GN:T:ML,Research on credit risk of listed companies: a hybrid model based on TCN and DilateFormer | Scientific Reports - Nature,https://news.google.com/rss/articles/CBMiX0FVX3lxTE5fZDBrdllLamZFMU5MNzA3UHYzVXJOVGYzczJTd0x5R01KQnBhWTdqVkw3M1dfQlVpM0ZfVS1qUVVocFZwN3lfREtvRkxGeUxrNXhIa3JVWUlyUFRHR3lV?oc=5,https://da.gd/hoAUSS
GN:T:ML,Machine Learning hugh and Analytics in - The Branding Iron,https://news.google.com/rss/articles/CBMiWEFVX3lxTE5DVHJTWVh5cHZqY3ZIX3J3MGV1cjBWTVpjTWhEMFlUNWNTbGJmdElNaUxQbE5SdFV3enV5NzJqWkJvV3J3SXRrZEFUSk95ODZ6YzJEa2pieC0?oc=5,https://da.gd/7ko8eq
