feed,title,long_url,short_url
Medium,When AI Learns from Rewards but Humans Learn from Meaning,https://medium.com/p/6e2d89cc76ad,
