feed,title,long_url,short_url
TechXplore,AI's growing appetite for power is putting Pennsylvania's aging electricity grid to the test,https://techxplore.com/news/2026-02-ai-appetite-power-pennsylvania-aging.html,
