feed,title,long_url,short_url
MedicalXpress,Using virtual reality to investigate autism's neural network dynamics,https://medicalxpress.com/news/2023-03-virtual-reality-autism-neural-network.html,https://da.gd/2A0I
