feed,title,long_url,short_url
GitHub:Incident,(minor) [resolved] Disruption with GitHub Billing,https://stspg.io/cpgst4hly3mh#j71pnfjbbk0k,
