feed,title,long_url,short_url
KDnuggets,When to Go Out and When to Stay In: RAG vs. Fine-tuning,https://www.kdnuggets.com/go-out-stay-in-rag-vs-fine-tuning,https://da.gd/RJRzL5
