feed,title,long_url,short_url
BioRxiv,"Concurrent emergence of view invariance, sensitivity to critical features, and identity face classification through visual experience: Insights from deep learning algorithms",https://biorxiv.org/cgi/content/short/2024.06.08.597949v1?rss=1,https://da.gd/vbyn
