feed,title,long_url,short_url
BioRxiv,The contribution of aquatic foods to human nutrient intake and adequacy in a Small Island Developing State,https://biorxiv.org/cgi/content/short/2024.10.02.616287v1?rss=1,https://da.gd/4IVH8a
