feed,title,long_url,short_url
BioRxiv,A framework for evaluating the performance of SMLM cluster analysis algorithms,https://biorxiv.org/cgi/content/short/2021.06.19.449098v1?rss=1,https://j.mp/3wJbNXK
