feed,title,long_url,short_url
YT:MichaelGreger,Podcast: Salt vs. Potassium,https://youtu.be/T5Xg_lmvJu0,
