feed,title,long_url,short_url
Medium:ML,AI Therapy IRL,https://medium.com/p/78a908f3e8b8,
