feed,title,long_url,short_url
r/covid19:2+,[Preprint] The inactivated NDV-HXP-S COVID-19 vaccine induces a significantly higher ratio of neutralizing to non-neutralizing antibodies in humans as compared to mRNA vaccines,https://redd.it/sfxu8p,
