feed,title,long_url,short_url
GN:T:ML,Using machine learning to translate tumor dependencies - Nature,https://news.google.com/rss/articles/CBMiX0FVX3lxTE44UnNlRnN3TzE3dmJ1Y0JjTld4YUZfRnhfZmoxZG9kMTFMeExCT05tTFhVV2hqRk80UWpuMkQxU3V3S1JfbnZMOHZGOXIwbnpEbEdCSGZsT014cnBCdnZz?oc=5,https://da.gd/CYHL5
GN:T:ML,Machine learning forecast for ESBL bacteria and MDR | IDR - Dove Medical Press,https://news.google.com/rss/articles/CBMiywFBVV95cUxORGJucXcyNUVia1NickF2MTRQZndlWl9RLWk1ZUpOZ1NmT0dRdjM3T3A0OVZwUWcyREhBbzIydkFJMWYxWXdIMEJUWlZwbE9nWTlyUGQxakVRd2ZtMDY4WUxSYzExeGhEUTZ3WnFzeVFHVFpqOHhNZ0FMVXU3c00tRkN6TUhNWE5ZSDdpLXVZUjNiNml3elY1Sm5NdnlaOVAxZF9TZG1paUhnNnZwN25RdnB6SnZ1QUF2LWpVRkt4WVA1QXc1RWhoN0JpQQ?oc=5,https://da.gd/EwOCsN
GN:T:ML,How machine learning is propelling structural biology - EurekAlert,https://news.google.com/rss/articles/CBMiXEFVX3lxTFBMQVpJMmRqdTNnYWUzR1AzY09iUHhyaElJdktoX0cwUjNXTThTNk56SldFQ2wzUXY5UTdDdEcxeXFOWjRmSFZlZFA5TG45ODJWNm9Scy1iaEJua3FR?oc=5,https://da.gd/55pJc
GN:T:ML,A scheme combining feature fusion and hybrid deep learning models for epileptic seizure detection and prediction | Scientific Reports - Nature,https://news.google.com/rss/articles/CBMiX0FVX3lxTE43aTVDUW84SzZVZGxoTkUzM2VVMXFaQTZDbWFnOC16dTZmdXZUVklDVVJHZndpU2ItZk9ZXzZsNmYtZzR0dkFteHBXNWFnSXZZVlZkMUthRFZ0UEVxQWlZ?oc=5,https://da.gd/rGfvY
GN:T:ML,Machine Learning Algorithm Predicts Shiba Inu Price Will Rise 119% In 5 Days - NewsBTC,https://news.google.com/rss/articles/CBMiggFBVV95cUxQX2Fua09vb29SYVZYWGthNHk5cFJtYUszSF9ncjdIb0xjQjhHaElJalBKYnJVWDNZcEQ3X3pseTNGN1dwbVdWUTA0ckdOd0RTVFBkT1NHc0Q2R3ljS1hJUUxfUUE3R3dKSFZZenZ0TGF6cmNfMzdTYlRkaklzd25Jd2x30gGHAUFVX3lxTFBoYVFTYl9rcHd6OFV3RENFblhpVDctbVdnRGs3NHFnUGRaWFNNcDVQQ09SeUxiY3V2UVZOU3NyVEtwcm1fUzVNMWZXZmpXSVVKV0hSeE1uQmlvbDRwSzA1enBqMno1Undub1d0STllUDJvbEMxdmZQMzA1RjlKaWpKY0plNk5PTQ?oc=5,https://da.gd/p2gK3
GN:T:ML,One in five APAC organizations look to AI/ML-powered solutions to tackle API security challenges - TNGlobal - TechNode Global,https://news.google.com/rss/articles/CBMizAFBVV95cUxNckZXNXZWcjBWbHRsNXc2SFFCTDR3VkZaVTNEUlZ3eWhoRFNKc09sejVyYmtHb0ZETjNJaVI4M2NmWDFuS3JhUnU2X19IOHdFaDdaN1Yxb3cyZ0hCN2RiQ3JFYThlaFFHcGhPZHdiN28tZndZaXA5RFBmZ3M2R2xwT19FcGRDU2dTWGp0MVJSbzhJSTR5MVZQQXNiU3VRTkNIaExfRGhjVmxlNXVYYmRNdDk3TXY2N2o1WXVBcm9Pd2xyNkQtWnFJcWc3Z0E?oc=5,https://da.gd/s2eBP
GN:T:ML,"How AI/ML Transforms Raw Numbers into Actionable Insights, Enhancing Decision Making and Fostering Growth - Monash University",https://news.google.com/rss/articles/CBMimwFBVV95cUxPZEVpU0VOeHYzSlVFZTUwdkZHNVh1c0VXYVRkTkI3Wjlrc3hYWTE4WU05aGFUeGtVTFIwV2tfX1VuZWxEV0Z5ZGk2bXNSWFJOU04tTHRHdlNsUUo3OWdCSEJFRzFTTG1wRlRtTmxYbmdiT3JLU1kzNlpLU3E5RzdoN1B5V1hReGNsVjhXUHRCYlRZZGdwbmZRdURDNA?oc=5,https://da.gd/G3Hwr6
