feed,title,long_url,short_url
GN:T:WP,Greece's Technology Outlook for 2024 Is Positive - Greek Reporter,https://news.google.com/rss/articles/CBMiTmh0dHBzOi8vZ3JlZWtyZXBvcnRlci5jb20vMjAyMy8xMi8zMS9ncmVlY2VzLXRlY2hub2xvZ3ktb3V0bG9vay0yMDI0LXBvc2l0aXZlL9IBAA?oc=5,https://da.gd/oVJk
GN:T:WP,Petrobras Says Sepetiba FPSO Starts Production - Offshore Engineer,https://news.google.com/rss/articles/CBMiVGh0dHBzOi8vd3d3Lm9lZGlnaXRhbC5jb20vbmV3cy81MTA0NzMtcGV0cm9icmFzLXNheXMtc2VwZXRpYmEtZnBzby1zdGFydHMtcHJvZHVjdGlvbtIBAA?oc=5,https://da.gd/a1QZ
GN:T:WP,"Arizona Is Fine, Despite Climate Alarmists’ Vapors - National Review",https://news.google.com/rss/articles/CBMiV2h0dHBzOi8vd3d3Lm5hdGlvbmFscmV2aWV3LmNvbS9jb3JuZXIvYXJpem9uYS1pcy1maW5lLWRlc3BpdGUtY2xpbWF0ZS1hbGFybWlzdHMtdmFwb3JzL9IBW2h0dHBzOi8vd3d3Lm5hdGlvbmFscmV2aWV3LmNvbS9jb3JuZXIvYXJpem9uYS1pcy1maW5lLWRlc3BpdGUtY2xpbWF0ZS1hbGFybWlzdHMtdmFwb3JzL2FtcC8?oc=5,https://da.gd/5CMb6
GN:T:WP,Renewables gain steam as Nigeria battles power shortages - Businessday,https://news.google.com/rss/articles/CBMiYWh0dHBzOi8vYnVzaW5lc3NkYXkubmcvYmlnLXJlYWQvYXJ0aWNsZS9yZW5ld2FibGVzLWdhaW4tc3RlYW0tYXMtbmlnZXJpYS1iYXR0bGVzLXBvd2VyLXNob3J0YWdlcy_SAQA?oc=5,https://da.gd/oTTF6
