feed,title,long_url,short_url
Arxiv,"stat.ML (Machine Learning): 28 new entries for Mon, 12 Jun 2023",https://arxiv.org/list/stat.ML/recent?show=28#2023-06-12,
Arxiv,"cs.LG (Machine Learning): 136 new entries for Mon, 12 Jun 2023",https://arxiv.org/list/cs.LG/recent?show=136#2023-06-12,
Arxiv,"cs.NE (Neural and Evolutionary Computing): 4 new entries for Mon, 12 Jun 2023",https://arxiv.org/list/cs.NE/recent?show=4#2023-06-12,
Arxiv,"cs.AI (Artificial Intelligence): 68 new entries for Mon, 12 Jun 2023",https://arxiv.org/list/cs.AI/recent?show=68#2023-06-12,
Arxiv,"cs.CL (Computation and Language): 51 new entries for Mon, 12 Jun 2023",https://arxiv.org/list/cs.CL/recent?show=51#2023-06-12,
Arxiv,"cs.CV (Computer Vision and Pattern Recognition): 78 new entries for Mon, 12 Jun 2023",https://arxiv.org/list/cs.CV/recent?show=78#2023-06-12,
Arxiv,"cs.IR (Information Retrieval): 7 new entries for Mon, 12 Jun 2023",https://arxiv.org/list/cs.IR/recent?show=7#2023-06-12,
Arxiv,"eess.IV (Image and Video Processing): 16 new entries for Mon, 12 Jun 2023",https://arxiv.org/list/eess.IV/recent?show=16#2023-06-12,
