feed,title,long_url,short_url
KDnuggets,How well do you wear your “operationalizing analytics” hat? Take this simple quiz to find out,https://www.kdnuggets.com/2020/09/fico-operationalizing-analytics-quiz.html,https://j.mp/3032P9z
