feed,title,long_url,short_url
GN:T:WP,Why Is Tesla’s Yoke A “Safety Risk” But Lexus’ Yoke “Kinda Wonderful?” - CleanTechnica,https://cleantechnica.com/2022/05/08/why-is-teslas-yoke-a-safety-risk-but-lexus-yoke-kinda-wonderful/,
GN:T:WP,"Harden, Embiid power 76ers past Heat, even series 2-2 - KYMA",https://kyma.com/news/ap-business/2022/05/08/harden-embiid-power-76ers-past-heat-even-series-2-2/,
GN:T:WP,Danbury firefighters rescue goose trapped in baseball field nets - Middletown Press,https://www.middletownpress.com/news/article/Danbury-firefighters-rescue-goose-trapped-in-17158290.php,
GN:T:WP,15 NREL Researchers Receive Distinguished Member of Research Staff Designation - NREL,https://www.nrel.gov/news/program/2022/15-nrel-researchers-receive-distinguished-member-of-research-staff-designation.html,
GN:T:WP,What does good climate policy look like? - Climate Council,https://www.climatecouncil.org.au/what-does-good-climate-policy-look-like/,
GN:T:WP,AGL demerger comes with $260m price tag - Energy Magazine,https://www.energymagazine.com.au/agl-energy-releases-demerger-scheme-booklet/,
