feed,title,long_url,short_url
GN:T:AI,Google Adds Multi-Layered Defenses to Secure GenAI from Prompt Injection Attacks - The Hacker News,https://news.google.com/rss/articles/CBMiggFBVV95cUxQekNtX1pRVW1pcm0zZ3lpcHc1akQ5bU11Y2NTemQ0TTRZSkxQNTFuZGZkTDhJTG9hbjc5RmJ2WmhsZ0k4OVg4OW55dmdlT3N0eDNuaFpCeC12cXZsWE0wSnYtamduNHNhUF9MYmFFS1pXRHpPVTBtS2k5MkVWMVEtRXZR?oc=5,
GN:T:AI,Leading at the Speed of Algorithms: Immediate AI Priorities for Cybers - Infosecurity Magazine,https://news.google.com/rss/articles/CBMiiwFBVV95cUxQMldwVWZIUnFwUnBYUVlCRHhJdXdzWEVMNjdjNmFXdHk5RHlXSjZxQXU5Qkd5cmEyWWtyYks5ejhzMllDQXRmcmIyM0tiN1ZwNnZ4YmhSMHdzSzBreGFkSFlFMWNaNXhRdzJiS3dYYkh6M2ljQ1ZUa2l6VWdVVWJvYlAzSWM1cTdoWkg4?oc=5,
GN:T:AI,The CoWoS Chokepoint: TSMC's Quiet Monopoly On AI Memory Bandwidth - Seeking Alpha,https://news.google.com/rss/articles/CBMiqAFBVV95cUxOQ2kxcmZjZkF1cW81UFhWWGcxZi0yWHdtalBvckhEdm15ZXN3TVU5dUxCdkxwTUZQbERjYkdnOWVZUS1wSDkzWTBNektqWkxqNHZ2Y3Z3REVLUjVKOGVRc1lWZW9Za3dNM0Zlc2FLOWdyeEZFSGYtY2Z1SmRuQmF1WTVkNU1qUll6VXgzUkMtazhlWkl1NE44MWJ0MWdhOExCM3lPeGhITkk?oc=5,
GN:T:AI,AI is hurtling us toward a child pornography crisis - The Hill,https://news.google.com/rss/articles/CBMioAFBVV95cUxNVV84enhzLUxHRUV4bUpMZjdXSlYxak45bzgzMW53VmxPNlZaal9fNWYtcnU3QVZqeTVFVmpXSWE1LXZZN0xkcDNxUTh2emU3aTBsamlQQ2J4VFRINXQ0cVBnN19wb0VFMGZ5dUpjZFd2OXh5bW43Tk40cFk4TlotYkhFNDFIQ2dqejRIR2hucTEzcFoxbGp4YlFBVUwwUHg00gGmAUFVX3lxTE5PMVhKZ3hrOGFBZmJMWGtVaVdfTHp5b0R5TmxnUnprZU9MVWhqOHBvOEZISHhBQTNNemxneGNQa2ItWExKS3k2V1E4dmo2SXN3WGdJb3A3X1hWc1ktZkhDZUJNU3FWZ3FTUW5zVlU2dER4SjRBME1SSmdDN3RZWDREWTBXUmN3blBzTzZMQUY5U2xseTB3MTc4ei1fQTMzTDMzTTZVYlE?oc=5,
GN:T:AI,India Is Using AI and Satellites to Map Urban Heat Vulnerability Down to the Building Level - WIRED,https://news.google.com/rss/articles/CBMivAFBVV95cUxPdXNsRXdGcjYwdmRJakxIWmNkUFlMaVF6WFJtQVFwSVNRTnhObFYtZ3YwenlkSjJmYlBxWldqOXphNlhjU3BtOW1QNTNiY0JCTnQ2dzYteTFCM2JaODdwWGFjaDJvMmhQY3BQZkJvR2dUUGFXbVNSX2pZdXdfY3M0ZU43QzZ3LV9sRy1kX1BtTkdWS2w2Wl9VZF9nYXFLbXBmZk41TWxQcExyTWVnM1RPc1IzOGtZMW1HdUdTNg?oc=5,
GN:T:AI,Alexandr Wang Said He Refused to Delegate 2 Tasks at Scale AI - Business Insider,https://news.google.com/rss/articles/CBMisgFBVV95cUxPU3ZaU1NvX1ZnOWJYUFRLX3lBVllzM1hPc2tocXluTHhWM3lfVzJFWTN6M1lJNkQ4MDhMMGpoUEpRb1RpNHVuR1NCSzZJdThKR1lydGI4SkhuUGhNX21uclY0cG5xb3IxZ19yZllwOFRwR25ZMUZyNlhSYTRDbEtUbi1RdlFyNXBWVUtNM2YxMkczYWYxejhqd2pBcWtQTDhXdk5pU3NBaFdfemV1VnF3VGln?oc=5,
GN:T:AI,AI Is Ushering in the ‘Tiny Team’ Era in Silicon Valley - Bloomberg,https://news.google.com/rss/articles/CBMipwFBVV95cUxQOTZpYlRnQ3VqdWhZZ25FbFVqeXQ2ZHJaaWFjQTVkUFVlYXlVMnNQT004d3BnTGs2RWtOcThiVmNoNUhlbDBUSjBGTkxjdUYwSnFvYjl1empZdE1ySkVUa1E4b2Z4VnBQVkZjd19iX1NxTm03Yjc4ejlTZEtyQWI5bkxZd0g4RUZRUG5icXJTQUcwQ1ZBd1BsTy03Q1o2ZlR4cm1xcGJySQ?oc=5,
GN:T:AI,"Melius upgrades this AI play, says shares can surge more than 35% - CNBC",https://news.google.com/rss/articles/CBMiqwFBVV95cUxPRllzMVR6cUd2NTRWSU8wa0ZNV3lOYXQycTdzTjY4c2ZuOFJJTUwxbjNDWTlHY0ppVWlwVkhVaXE4X21PRl9KVFZMc0MxS2hMcmtjTjdqWXVuLXdleHkycTZETE8weU9ZVGpRUm5vcTNNVXJjWVdqNG85TVhHRHBPTmp6b0s3YXI4Rnc0V1hxNjgwUlhTbjZpYUFRU0hOUlhqZ3E0MlYzNWRhMDQ?oc=5,
GN:T:AI,Former US Army Sergeant pleads guilty after amateurish attempt at selling secrets to China - theregister,https://news.google.com/rss/articles/CBMibkFVX3lxTE5BX3NabEd3YU1ZUkVlLXRIMktoTnlxS3dhUXdBWTUwYUVaV3ZMTFMwWTRwRkNScnRaSU1JdFpLczVCMEg0VE5ULWF2Slp0aTdNS0JaajlMR3hhYUpIZ3VBUVpOUHo2Z1dVb3d0OHZB0gFzQVVfeXFMUG56Y2VTUlpPRkJ6RHRiRkhIU3N1TzZsQjZuVktqMm9za0d4bkhvZ25kQldzSjRhTlRIbks3V21pdVR4c2tmWE8wdVdyNmpwbUhWWHhfbXZFSWducHZadFBzLTZObDFFWklUUE9TZWRvWHNOdw?oc=5,
GN:T:AI,Does Meta Platforms' Massive $14.3 Billion Artificial Intelligence (AI) Bet Make the Stock a Buy Now? - The Motley Fool,https://news.google.com/rss/articles/CBMimAFBVV95cUxNTWpwVS1scmJ1M3VfbTN3VWVaZENmZmdQbDFUY0FNbk9NdS1jVXRLQ2VIVEU1ODJKUk80MVlwdFdsNnBPWjgyaXp0akdJcW82V3BhdUtUdmFDY2xGYmJYb2dhbXJRTXBwUDc0WXFUNGxaem5oN0hUdDFCU21sdDJUMFF2TUtBaUpHWTRwOXJXV09FSFNScklFQg?oc=5,
