feed,title,long_url,short_url
PwC:Latest,Attack-agnostic Adversarial Detection on Medical Data Using Explainable Machine Learning,https://paperswithcode.com/paper/attack-agnostic-adversarial-detection-on,https://j.mp/3eq8tdh
