feed,title,long_url,short_url
GN:S:RL,Reinforcement Learning Identifies Quantum System Fixed Points and Eigenstates in Systems up to Six Qubits - Quantum Zeitgeist,https://news.google.com/rss/articles/CBMivwFBVV95cUxQSXd1NHdVMTJ6ckZTb25ueEZRQjJBZzlRYkJRcmRpRTk5eVI3SmlFOFZ0Y2g1QmRCSllRLWZYYi1iZlpjcHZXWkJfVWsyZUFXNmE1aXluRFFoOTZjb0VjaEVzQzUwbDE4MEI2ZzBGNFBqWV9QUXRST3RKemVqWThxUVlDaDlBb3duZXFWZzVBVmU5dWtoMnQzVXV2UUpGYjRNTF94UUpBR0hlV2FNeTJLVkZQN1lLOHNoRGNvOTl3UQ?oc=5,
