feed,title,long_url,short_url
PwC:Latest,/DIAGNijmegen/ Anatomical and Diagnostic Bayesian Segmentation in Prostate MRI $-$Should Different Clinical Objectives Mandate Different Loss Functions?: https://github.com/DIAGNijmegen/prostateMR_3D-CAD-csPCa,https://paperswithcode.com/paper/anatomical-and-diagnostic-bayesian,https://j.mp/3ntBqZg
PwC:Latest,/ibm/ Abstractified Multi-instance Learning (AMIL) for Biomedical Relation Extraction: https://github.com/ibm/aihn-ucsd,https://paperswithcode.com/paper/abstractified-multi-instance-learning-amil,https://j.mp/3jCtCDp
