feed,title,long_url,short_url
Medium,What is Machine Learning,https://medium.com/p/2d92b9a5f895,
