feed,title,long_url,short_url
MedRxiv,Development and validation of a risk prediction algorithm to estimate all-cause mortality among community-dwelling Canadians: the Mortality Population Risk Tool (MPoRT),https://www.medrxiv.org/content/10.64898/2026.06.12.26355459v1?rss=1,
