feed,title,long_url,short_url
PwC:Latest,/chariharasuthan/ QuLTSF: Long-Term Time Series Forecasting with Quantum Machine Learning: https://github.com/chariharasuthan/qultsf,https://paperswithcode.com/paper/qultsf-long-term-time-series-forecasting-with,https://da.gd/GDVPyG
