feed,title,long_url,short_url
Medium,Why You Need to Stop Using Sigmoids,https://medium.com/p/dcd0e68be1b0,
