feed,title,long_url,short_url
r/ScientificNutrition,[Cohort/Prospective Study] Fruit and vegetable intake is inversely associated with perceived stress across the adult lifespan,https://redd.it/nc77kl,
