feed,title,long_url,short_url
GN:T:AGI,Elon Musk weighed in on artificial general intelligence — should companies care? - VentureBeat,https://venturebeat.com/ai/elon-musk-weighed-in-on-artificial-general-intelligence-should-companies-care/,https://bit.ly/3wpX85z
