feed,title,long_url,short_url
Medium:Math,Expand Mathematical Thinking During Block and Pretend Play,https://medium.com/p/64b6ab1c55a7,
Medium:Math,Enhancing the Performance of Graph Algorithms — Part 1,https://medium.com/p/f5d5bab4277a,
Medium:Math,Mathematicians Don’t Have Wobbly Tables and Neither Should You,https://medium.com/p/b0e1f64a001d,
Medium:Math,24 Levels into the Bubble Core,https://medium.com/p/ca9299519f7e,
