feed,title,long_url,short_url
GN:S:PT,Intel's Clear Linux Demonstrates Software Optimization Benefits On AMD EPYC 9005 Series - Phoronix,https://news.google.com/rss/articles/CBMiZ0FVX3lxTFB1MFpqdjZYcm1ma1FGQU44dlpFcGFTejNRcTQxTmd0VmtRS25hemplODRDajlfRjNuZjVnM0NSelhJSlU2ZmlWakJIZmZVYnZnM01BRG8wMklxVkJTUEFHaHBzZFJhTFU?oc=5,https://da.gd/9qAmW
