feed,title,long_url,short_url
KDnuggets,How to Make Documenting Code Easier,https://www.kdnuggets.com/2022/12/make-documenting-code-easier.html?utm_source=rss&utm_medium=rss&utm_campaign=how-to-make-documenting-code-easier,https://da.gd/cK30
