feed,title,long_url,short_url
PwC:Latest,/teodorchiaburu/ Interpretable Time Series Models for Wastewater Modeling in Combined Sewer Overflows: https://github.com/teodorchiaburu/riwwer_timeseries,https://paperswithcode.com/paper/interpretable-time-series-models-for,https://da.gd/AAnKWn
