feed,title,long_url,short_url
GN:T:ML,How AI Is Powering More Sustainable Retail Supply Chains - AiThority,https://news.google.com/rss/articles/CBMiYGh0dHBzOi8vYWl0aG9yaXR5LmNvbS9tYWNoaW5lLWxlYXJuaW5nL2hvdy1haS1pcy1wb3dlcmluZy1tb3JlLXN1c3RhaW5hYmxlLXJldGFpbC1zdXBwbHktY2hhaW5zL9IBAA?oc=5,https://da.gd/6iodz
