feed,title,long_url,short_url
r/covid19:2+,[Clinical] Safety outcomes associated with the Moderna COVID-19 vaccine (mRNA-1273): a literature review,https://redd.it/1387pap,
