feed,title,long_url,short_url
r/science:15+,"[Cancer] Scientists bioengineered enzyme-based scissors that selectively cuts mucins off cancer cells, removing their “cloak of protection” from the immune system. In human cancer cells and mouse models of human breast and lung cancer, it significantly reduced tumor growth and increased survival.",https://redd.it/15pvroc,
r/science:15+,"[Medicine] Exercise training can help improve lung function in adults with asthma. Yoga and breathing control practices, in combination with aerobic training, are key exercises for asthmatic people seeking to improve their lung function, finds a new meta-analysis of 28 randomized controlled trials.",https://redd.it/15pvjwm,
r/science:15+,"[Cancer] There are currently no effective treatments for glioblastoma. Scientists discover a new immunotherapy regimen that uses the body’s own immune cells to fight the brain cancer and leads to considerable shrinkage, and in some cases elimination, of the tumor, in a mouse model of glioblastoma.",https://redd.it/15pvnlf,
