feed,title,long_url,short_url
KDnuggets,Breaking Down the .claude Folder,https://www.kdnuggets.com/breaking-down-the-claude-folder,
KDnuggets,Are AI Agents Your Next Security Nightmare?,https://www.kdnuggets.com/are-ai-agents-your-next-security-nightmare,
