feed,title,long_url,short_url
GN:T:AGI,The Dangers of Weaponizing Artificial Intelligence - Modern Diplomacy,https://moderndiplomacy.eu/2022/03/26/the-dangers-of-weaponizing-artificial-intelligence/,https://da.gd/AMLig4
