feed,title,long_url,short_url
GN:T:SL,Islands seek UN sea court climate opinion - Eastern Riverina Chronicle,https://www.easternriverinachronicle.com.au/story/8017845/islands-seek-un-sea-court-climate-opinion/?cs=5461,https://da.gd/33qZF
