feed,title,long_url,short_url
TDS,Technical Analysis of Stocks using TA-Lib,https://medium.com/p/305614165051,
