feed,title,long_url,short_url
GN:S:PT,Kunal Sawarkar: Enhancing the Modern Tech Capabilities with Embedded AI Products - Analytics Insight,https://www.analyticsinsight.net/kunal-sawarkar-enhancing-the-modern-tech-capabilities-with-embedded-ai-products/,https://bit.ly/3Aaxrak
