feed,title,long_url,short_url
Medium,How Python Decorators Made Me a 10x Cleaner Coder,https://medium.com/p/d4d915a739e3,
