feed,title,long_url,short_url
gNews,Precise and dexterous robotic manipulation via human-in-the-loop reinforcement learning - Science | AAAS,https://news.google.com/rss/articles/CBMiZkFVX3lxTFBzd1pvWVBIdmNjSUM5eUNIUkRTZnVKcUZpdFRrWmpCMG5EbmNyQzg5VnRpa3Njbi16THV3YVphWmVBUlZicXhlV1d5SmFLdkRuUzZIQTVFRk9PWE1pMTJQNHZQTjJvQQ?oc=5,
