feed,title,long_url,short_url
Medium:Math,The Hidden Structure of Recurrence Relations,https://medium.com/p/dd80ece40cd7,
Medium:Math,What’s The Largest Possible Area?,https://medium.com/p/bdaf05f194c9,
Medium:Math,Introductions to Numerical Analysis,https://medium.com/p/5e7741980b0b,
Medium:Math,"Linear Algebra- What It Is, and Why You Need to Know It",https://medium.com/p/adf8dbb8ae5e,
Medium:Math,Maths: What Everyone Should Know,https://medium.com/p/3700e06bb207,
