feed,title,long_url,short_url
MedRxiv,The Neurosurgical Uncertainty Index: Self-Doubting AI for rare or unexpected surgical complications,https://medrxiv.org/cgi/content/short/2025.05.01.25326833v1?rss=1,https://da.gd/P59hY
