feed,title,long_url,short_url
SA:Breakfast,Wall Street Week Ahead,https://seekingalpha.com/article/4744372,
