feed,title,long_url,short_url
GN:S:C,"‘Change course now’: humanity has missed 1.5C climate target, says UN head - The Guardian",https://news.google.com/rss/articles/CBMivgFBVV95cUxOOWR0SWgxbzdkb1FYdk1DSW9DSlVxMHFQUWtYZlNxU2VKSHA2V3VzcHFVOEpmaFV0REhrNnZDSEZHajBVRnJqVGFKeDRiNF8yb2ZELVVIblk0c2Ezd192Sm0wdkFkSmZ1d2JRZ3E4Z3BGUC1Oa01IWUpTNFRWRWYzRDEwSENmV3RpQUNRWDhVTXJjQnhkQ0FfM2ozdHhGRllCSWliWVd1UnB3cGduZmViSmtmSm1vOHJodldZTm5B?oc=5,
GN:S:C,How climate change is fueling Hurricane Melissa’s ferocity - PBS,https://news.google.com/rss/articles/CBMimgFBVV95cUxQUDZRajBGazkzaXRnNGdGYTh3TWtoUlBLUFM2MGJ4ZG10UFgyQTMxNHZtNVUyTUc4c2pQQm92SmlzdFlmZEpqaTd1WDF5T0l3a1VmNTFLa0VkTEhFN3h4N1hlNEFIYXhpQ2xGeFJ3YWNnRGZza2xxSHBfS2lEcUUwMHpYdzJxU3FwX09uUnRtVWxrZ2s0bmNWODVB?oc=5,
GN:S:C,Exxon Mobil Sues California Over Looming Climate Disclosure Rules - The Wall Street Journal,https://news.google.com/rss/articles/CBMiqwNBVV95cUxOVFR2bldkNEl4cWlaeExjUlZ6cWRoemUtd083UUxfWUNVNy1GUzVSb055VXEyVVRIV1Q4c2lTTTEySFZSUllrX3VqVXRGTjluZ2V4cVZWcTV1YzdOTC0teEhxb0FqcFk4bUJDSzJra1NUOFVBR3Y3dTc1M21kYkJNdFhRS29Db2hfUW9UWlNRNG10WVFSN0c5Sk5aVEhNbGlleU9LMU1mb05SV1RtWEwtLVpIWHdzTzhEeXo4ekIyOVQyRm5kWTMwRldmUFdBb29scVQ1SDhzSFRqbjVBR285TXBzQk5UdS1TS09XbjVNODgxNTNJLU1yQU9qMkx2MzNwbG9FVHBkWlA2LWZ2R2ZLa2pmeU9hR00ycWxPWHBGc1gzU3htdktwR05lTWhlWC12WFpZaGN2dlR0TTRQaGFEV3lhNEJXNk5sa0pKdXFBTFBUTGc5U3VuMW1iOVdMX0pDb3djX0JyQm9lTWRteVR3eExLbkZraW5mR21kd2pCcFRKY2w3ZXZocHhxd1JNTjlsa2IyX3l5RHd4QnZPSUVyQ3RzQ3o3LXF6WDA0?oc=5,
GN:S:C,Melissa reaches Category 5 — fueled by climate change-driven ocean heat - Climate Central,https://news.google.com/rss/articles/CBMif0FVX3lxTFA0ZmlmTERXTEdRZlJsTWFwTGpwRFBQUnpwNmxkOVJWSE55QWJ2QmZteFNzVmpIQ1J2Sk13WjFoUUpnRVJnSzJGcVFCNnVaamZNZUtYTW5zVFhLU2tJWlhxSEVnNmg0c24yd0xld2gxMjNyV1JTdEZQeTdzWGVHLVU?oc=5,
GN:S:C,Engage Estero to discuss climate change's potential effects on the village in public forum - WGCU,https://news.google.com/rss/articles/CBMizgFBVV95cUxOampPVmJKSFhMVW1EbjhaMG16RUxOSkV1MVVvRF9pMWdlRGtDaWpuVjdRcUgzcmFsMXVhVzNUY0RGdmV3QXBscnJvUE5ZZkZ2Y2NfalRGMkY3VS1seEtVdXVsQ0hic0tvRUhaUXpodmRlQmpETl9PM04xMndPd09QV082S3dhbVdXM3FRVUxUUTk1VUd0UXBUV2hyNEo4aUo4MWkyZzB4Qkx6Y2htbDN1UFFNMHNJaS1xSWJkVHVaNWx0YUpvbmZhWVJSZU9Udw?oc=5,
GN:S:C,"Gov. Kotek issues executive order placing climate lens on farms, forests, waterways - The Daily Astorian",https://news.google.com/rss/articles/CBMiugFBVV95cUxNSlh1enFjcE42ODV1RGd5azBWaFh1bkVDNHZyMjNOMXE5dFFyVndSUTNJeWJ2ZHlnQnNKUElTaVNVeFRQbUNUQ0djV3lGZ0k0LUdibW1qTExkMVc3Tjk5UDRURnk4TUZaN183amxmTUN2YTQtUGF4aG0tY3Vza1U2Um1XdDA0OXN5V2tDelh1a3BTcnhvMnJVMEl0X3hJM0twRmpZVjdCeDVHalV5bDd0UHhOQXZNR3VSTUE?oc=5,
GN:S:C,Climate storms threatens 'vicious cycle' - The Ecologist,https://news.google.com/rss/articles/CBMigAFBVV95cUxOekFXSHVtaUs4cHExUVlZUE5oR3JIN1RtQ28zcE9sdmlSSGZPNDFLSzd1M2wwTlZzMk1QeFREYVgzZkFsR2RaVHdrSktUcUpiNGFabVZHVE1DaGVDVXRYSDEtajlnb1J2NU1tSGN4MUZHOGpoWTl0eDFZUEdiQ2JrVw?oc=5,
GN:S:C,"In Southeast Asia, Guterres presses the case for climate action - Department of Political and Peacebuilding Affairs",https://news.google.com/rss/articles/CBMif0FVX3lxTFA2cm5RYnVBbTJCQlRqUU1Zc2p1VnB4VURxUlU0WDl2M1BBa3JqVy1wT3I2ZndaakxqSzlJRDJBUktqN1EwTTd2RzF6TDY1S2pPbmZ2d1ZRU3lxTGFiT3NPZlloNVE3d3J3VUlGVHJOd2VHTGtPV2xMTU1aNWdnNG8?oc=5,
GN:S:C,10 Years Post-Paris: A decade that defied predictions - Energy & Climate Intelligence Unit | ECIU,https://news.google.com/rss/articles/CBMiakFVX3lxTE0tdjFTVlllRElsVUg0bFJza0R5aUtmd2R2M1o0aGJSRFAxb093MkRjN0QxWUpmNFpzZ1N3QmNsMHBMNENPaVROT3V1MG1Ec2lsTjYtdEZSR3g4VGR4cWhrcExCajhTUXdHLWc?oc=5,
GN:S:C,'Impossible' Life Found Beneath Arctic Ice Could Alter Climate Models - Yahoo,https://news.google.com/rss/articles/CBMikAFBVV95cUxOU3pJVURPdFRZYXNjZVFvODNQUE1pR1lwMmhmMjZJcUJVUzV1LWFpcHY2S0h1ZWU2SDJoQWZSdW53cjRXRHVfR3ExWXNEWkdmVllvUS1qT2VXd3RDa3c2UFFtV2plaFRFNWdCbDB1cGNLVkJ5MlRnbkRZc3lUSExfOVQ5Y0tfYkZOZWFXWE1Ga3U?oc=5,
GN:S:C,Richmond is in the process of forming a Climate Resiliency Commission - Westerly Sun,https://news.google.com/rss/articles/CBMi_AFBVV95cUxPVXQ1WFFvTmh3WFNTTGFNbmZJc0Njc2E1VjJSMG40dC1fckU5b3IwaWRkLUo3Sk1xdmI0bEFwOFV2NGozdnlTV2hUOXQtTUF1ZjhERHE3WmtOWUZjclJJZzRkMW5ub05oVVNiRDdzQS1CbW9rVDJjM3RhSG5GSFpSb1Z4R1NmeWFRUmM2OE83OFZDNVlLRWZKV0U4NjlndFM1c2lfazl0cEVUSUh3Q1gxMzh5WUFBeTVfR2NOMGc2RU5RamFRaDRERFRURXItOURiMVNfdjd1YU5BUEgza1JaRmYwMTZFYzVZWTJ4V0t2RzZrSHJYRGUwcDlNLUg?oc=5,
