feed,title,long_url,short_url
PwC:Latest,/roger-tseng/ Cascading and Direct Approaches to Unsupervised Constituency Parsing on Spoken Sentences: https://github.com/roger-tseng/speech-parsing,https://paperswithcode.com/paper/cascading-and-direct-approaches-to,https://da.gd/9WYGmt
