feed,title,long_url,short_url
r/covid19:2+,"[Academic Report] SARS-CoV-2 vaccination responses in untreated, conventionally treated and anticytokine-treated patients with immune-mediated inflammatory diseases",https://redd.it/nyzy97,
