feed,title,long_url,short_url
MedRxiv:HI,Exploring Outcomes and Engagement Patterns for Hypertensive Patients: An Observational Analysis of the Withings Remote Patient Monitoring Program,https://medrxiv.org/cgi/content/short/2024.10.28.24315321v1?rss=1,https://da.gd/YAXJ
