feed,title,long_url,short_url
GN:T:SL,1 Million Acres of Southeast Salt Marsh Move Closer to Protection - The Pew Charitable Trusts,https://www.pewtrusts.org/research-and-analysis/articles/2022/06/09/1-million-acres-of-southeast-salt-marsh-move-closer-to-protection,
