feed,title,long_url,short_url
r/DS:200+,Stop resampling data in classification problems,https://redd.it/sxtppd,
