feed,title,long_url,short_url
GN:T:DS,Most Enrolled Data Science Certifications in 2025 - Analytics Insight,https://news.google.com/rss/articles/CBMimwFBVV95cUxOUnBrSGRRQXVSdXhmQXNNdll4TF9ZZ2ZRcDhpbjl1d1NxZnhONk9uakRmRTJQNTRLTkJ1SlN1TWw1emkyY2lzZHVONTlWRnRmNmNtX09oQ1BMVmpQRkt2VzJCVHZlWE90dzZBbmVRNmtzSVg5N29aa1pFM2doVHVpbEU3TDJwRzdpSmdBaExYeWxwRk55c3V2SFI2d9IBqAFBVV95cUxQWlhGSEJWUU5idGM3ZS1rR19sX0Q1ekZMVk1XNEF3MmpQUTlId1ppVGhBcC1xdy1KWGFtQzU1TjlLeTJOTkZSb2dpVDJubEM4aURydDNNd3g1cDQ1U0k2ZWhfMjZtblB4eXNhN2xETXJ5M3F3Zmo1WVBuMG5MNlFuYk9JZHVOS2ZUeUcwem82aGJYRFhhYjgxM2U5bVR6TllkOWxuTGNxRU4?oc=5,
