feed,title,long_url,short_url
r/ML:50+,From Sparse to Soft Mixtures of Experts [R],https://redd.it/15hs7c7,
