feed,title,long_url,short_url
Medium,Starting With Image Processing (Edge Detection),https://medium.com/p/97c07a8dcbcd,
