feed,title,long_url,short_url
BioRxiv,Computational Analysis of the Gut Microbiota-Mediated Drug Metabolism,https://biorxiv.org/cgi/content/short/2024.12.20.629788v1?rss=1,https://da.gd/OB4x9U
