feed,title,long_url,short_url
Medium:ML,Artificial Intelligence Revolutionizing Healthcare,https://medium.com/p/8ec50298fef6,
