feed,title,long_url,short_url
BioRxiv,Stochastic Neural Networks for Automatic Cell Tracking in Microscopy Image Sequences of Bacterial Colonies,https://biorxiv.org/cgi/content/short/2021.04.27.441677v1?rss=1,https://j.mp/3gLbd6K
