feed,title,long_url,short_url
TDS,What I Learned in My First 6 Months on the Data Team at HealthJoy,https://medium.com/p/e5218144429b,
