feed,title,long_url,short_url
PwC:Latest,/ashishsalunkhe/ Attention-based Bidirectional LSTM for Deceptive Opinion Spam Classification: https://github.com/ashishsalunkhe/DeepSpamReview-Detection-of-Fake-Reviews-on-Online-Review-Platforms-using-DeepLearning-Architectures,https://paperswithcode.com/paper/attention-based-bidirectional-lstm-for,https://j.mp/3HvUTRq
