feed,title,long_url,short_url
GitHub:pytorch,"ciflow/all/72405: Update on ""Check if the iterator is valid before dereferencing it""",https://github.com/pytorch/pytorch/releases/tag/ciflow%2Fall%2F72405,
